county,administered_date,total_doses,cumulative_total_doses,pfizer_doses,cumulative_pfizer_doses,moderna_doses,cumulative_moderna_doses,jj_doses,cumulative_jj_doses,partially_vaccinated,total_partially_vaccinated,fully_vaccinated,cumulative_fully_vaccinated,at_least_one_dose,cumulative_at_least_one_dose,california_flag
All CA Counties,2020-12-15,1128,1128,1128,1128,0,0,0,0,1128,1128,0,0,1128,1128,
All CA Counties,2020-12-16,8242,9370,8242,9370,0,0,0,0,8242,9370,0,0,8242,9370,
All CA Counties,2020-12-17,25730,35100,25730,35100,0,0,0,0,25765,35135,0,0,25765,35135,
All CA Counties,2020-12-18,43867,78967,43786,78886,81,81,0,0,43918,79053,0,0,43918,79053,
All CA Counties,2020-12-19,25244,104211,25222,104108,22,103,0,0,25243,104295,1,1,25243,104296,
All CA Counties,2020-12-20,18945,123156,18916,123024,29,132,0,0,18944,123238,1,2,18944,123240,
All CA Counties,2020-12-21,49643,172799,49559,172583,84,216,0,0,49683,172920,1,3,49683,172923,
All CA Counties,2020-12-22,49948,222747,47802,220385,2146,2362,0,0,49946,222865,1,4,49946,222869,
All CA Counties,2020-12-23,50278,273025,41585,261970,8693,11055,0,0,50274,273139,0,4,50274,273143,
All CA Counties,2020-12-24,23997,297022,16311,278281,7686,18741,0,0,23994,297132,1,5,23994,297137,
All CA Counties,2020-12-25,2327,299349,2008,280289,319,19060,0,0,2327,299459,0,5,2327,299464,
All CA Counties,2020-12-26,14594,313943,9425,289714,5169,24229,0,0,14593,314051,1,6,14593,314057,
All CA Counties,2020-12-27,9379,323322,5561,295275,3818,28047,0,0,9378,323428,1,7,9378,323435,
All CA Counties,2020-12-28,45629,368951,29263,324538,16366,44413,0,0,45626,369051,3,10,45626,369061,
All CA Counties,2020-12-29,51053,420004,28576,353114,22477,66890,0,0,51049,420097,3,13,51049,420110,
All CA Counties,2020-12-30,62910,482914,35650,388764,27260,94150,0,0,62903,482997,3,16,62903,483013,
All CA Counties,2020-12-31,29199,512113,10750,399514,18449,112599,0,0,29192,512185,4,20,29192,512205,
All CA Counties,2021-01-01,3771,515884,1655,401169,2116,114715,0,0,3767,515950,2,22,3767,515972,
All CA Counties,2021-01-02,18380,534264,10203,411372,8177,122892,0,0,18379,534329,0,22,18379,534351,
All CA Counties,2021-01-03,6100,540364,3458,414830,2642,125534,0,0,6071,540388,12,34,6071,540422,
All CA Counties,2021-01-04,43254,583618,21887,436717,21367,146901,0,0,43177,583522,43,77,43177,583599,
All CA Counties,2021-01-05,56161,639779,29595,466312,26566,173467,0,0,50679,628858,5427,5504,50763,634362,
All CA Counties,2021-01-06,72902,712681,40351,506663,32551,206018,0,0,57585,671342,15129,20633,57613,691975,
All CA Counties,2021-01-07,91599,804280,52137,558800,39462,245480,0,0,61165,702273,30274,50907,61205,753180,
All CA Counties,2021-01-08,106132,910412,64087,622887,42045,287525,0,0,65001,726329,40999,91906,65055,818235,
All CA Counties,2021-01-09,43540,953952,25021,647908,18519,306044,0,0,27461,737752,16060,107966,27483,845718,
All CA Counties,2021-01-10,24177,978129,14796,662704,9381,315425,0,0,12972,739551,11189,119155,12988,858706,
All CA Counties,2021-01-11,103971,1082100,69226,731930,34745,350170,0,0,60302,756320,43629,162784,60398,919104,
All CA Counties,2021-01-12,112468,1194568,66414,798344,46054,396224,0,0,71513,787173,40876,203660,71729,990833,
All CA Counties,2021-01-13,118364,1312932,61302,859646,57062,453286,0,0,84782,838534,33493,237153,84854,1075687,
All CA Counties,2021-01-14,122874,1435806,49271,908917,73603,526889,0,0,103382,922669,19379,256532,103514,1179201,
All CA Counties,2021-01-15,141461,1577267,52015,960932,89446,616335,0,0,126477,1034430,14882,271414,126643,1305844,
All CA Counties,2021-01-16,80426,1657693,27375,988307,53051,669386,0,0,72924,1099922,7478,278892,72970,1378814,
All CA Counties,2021-01-17,48006,1705699,16735,1005042,31271,700657,0,0,44392,1140748,3609,282501,44435,1423249,
All CA Counties,2021-01-18,87594,1793293,45552,1050594,42042,742699,0,0,68484,1190347,19033,301534,68632,1491881,
All CA Counties,2021-01-19,140763,1934056,73279,1123873,67484,810183,0,0,109718,1269416,30952,332486,110021,1601902,
All CA Counties,2021-01-20,157838,2091894,80035,1203908,77803,887986,0,0,124751,1361490,32912,365398,124986,1726888,
All CA Counties,2021-01-21,171829,2263723,76051,1279959,95778,983764,0,0,153015,1496197,18616,384014,153323,1880211,
All CA Counties,2021-01-22,168347,2432070,68653,1348612,99694,1083458,0,0,154208,1636544,14013,398027,154360,2034571,
All CA Counties,2021-01-23,110851,2542921,49294,1397906,61557,1145015,0,0,98364,1722587,12431,410458,98474,2133045,
All CA Counties,2021-01-24,60716,2603637,29389,1427295,31327,1176342,0,0,56109,1774168,4579,415037,56160,2189205,
All CA Counties,2021-01-25,143558,2747195,64755,1492050,78803,1255145,0,0,108985,1849012,34474,449511,109318,2298523,
All CA Counties,2021-01-26,167190,2914385,82136,1574186,85054,1340199,0,0,130203,1942630,36844,486355,130462,2428985,
All CA Counties,2021-01-27,178500,3092885,87444,1661630,91056,1431255,0,0,139756,2044231,38362,524717,139963,2568948,
All CA Counties,2021-01-28,186148,3279033,85656,1747286,100492,1531747,0,0,152443,2163454,33410,558127,152633,2721581,
All CA Counties,2021-01-29,182097,3461130,87660,1834946,94437,1626184,0,0,147874,2277816,33659,591786,148021,2869602,
All CA Counties,2021-01-30,122739,3583869,54996,1889942,67743,1693927,0,0,107849,2371068,14730,606516,107982,2977584,
All CA Counties,2021-01-31,69062,3652931,38804,1928746,30258,1724185,0,0,64062,2430217,4956,611472,64105,3041689,
All CA Counties,2021-02-01,157732,3810663,72671,2001417,85061,1809246,0,0,119780,2512301,37819,649291,119903,3161592,
All CA Counties,2021-02-02,184543,3995206,79278,2080695,105265,1914511,0,0,139015,2606345,45186,694477,139230,3300822,
All CA Counties,2021-02-03,209581,4204787,94750,2175445,114831,2029342,0,0,156110,2709666,53008,747485,156329,3457151,
All CA Counties,2021-02-04,226791,4431578,99699,2275144,127092,2156434,0,0,166595,2816926,59670,807155,166930,3624081,
All CA Counties,2021-02-05,244762,4676340,105999,2381143,138763,2295197,0,0,166746,2906941,77264,884419,167279,3791360,
All CA Counties,2021-02-06,154344,4830684,74551,2455694,79793,2374990,0,0,119832,2992908,34349,918768,120316,3911676,
All CA Counties,2021-02-07,66463,4897147,42949,2498643,23514,2398504,0,0,50144,3027260,16234,935002,50586,3962262,
All CA Counties,2021-02-08,179529,5076676,88110,2586753,91419,2489923,0,0,118750,3086389,60349,995351,119478,4081740,
All CA Counties,2021-02-09,209491,5286167,101380,2688133,108111,2598034,0,0,125759,3129942,83324,1078675,126877,4208617,
All CA Counties,2021-02-10,246980,5533147,119332,2807465,127648,2725682,0,0,137857,3160905,108330,1187005,139293,4347910,
All CA Counties,2021-02-11,261254,5794401,129184,2936649,132070,2857752,0,0,143511,3189405,116765,1303770,145265,4493175,
All CA Counties,2021-02-12,270337,6064738,118562,3055211,151775,3009527,0,0,146557,3215204,123074,1426844,148873,4642048,
All CA Counties,2021-02-13,166173,6230911,76999,3132210,89174,3098701,0,0,91872,3235109,73900,1500744,93805,4735853,
All CA Counties,2021-02-14,95023,6325934,47364,3179574,47659,3146360,0,0,51530,3244964,43355,1544099,53210,4789063,
All CA Counties,2021-02-15,141163,6467097,62110,3241684,79053,3225413,0,0,78339,3264006,62495,1606594,81537,4870600,
All CA Counties,2021-02-16,246341,6713438,117333,3359017,129008,3354421,0,0,132187,3285816,113830,1720424,135640,5006240,
All CA Counties,2021-02-17,256090,6969528,127797,3486814,128293,3482714,0,0,128176,3290220,127448,1847872,131852,5138092,
All CA Counties,2021-02-18,269087,7238615,140433,3627247,128654,3611368,0,0,130850,3288146,137643,1985515,135569,5273661,
All CA Counties,2021-02-19,249553,7488168,144889,3772136,104664,3716032,0,0,129785,3300751,119354,2104869,131959,5405620,
All CA Counties,2021-02-20,150492,7638660,96644,3868780,53848,3769880,0,0,83263,3319293,67020,2171889,85562,5491182,
All CA Counties,2021-02-21,71610,7710270,57768,3926548,13842,3783722,0,0,35347,3320917,36080,2207969,37704,5528886,
All CA Counties,2021-02-22,162335,7872605,109238,4035786,53097,3836819,0,0,81796,3324994,80260,2288229,84337,5613223,
All CA Counties,2021-02-23,220676,8093281,116518,4152304,104158,3940977,0,0,102744,3317326,117435,2405664,109767,5722990,
All CA Counties,2021-02-24,280063,8373344,141472,4293776,138591,4079568,0,0,134215,3314937,145296,2550960,142907,5865897,
All CA Counties,2021-02-25,314442,8687786,154445,4448221,159997,4239565,0,0,164872,3340376,148952,2699912,174391,6040288,
All CA Counties,2021-02-26,348443,9036229,162803,4611024,185640,4425205,0,0,195339,3390714,152314,2852226,202652,6242940,
All CA Counties,2021-02-27,245682,9281911,117265,4728289,128400,4553605,17,17,139302,3428760,105862,2958088,143908,6386848,
All CA Counties,2021-02-28,129080,9410991,77036,4805325,52042,4605647,2,19,75710,3455261,53058,3011146,79559,6466407,
All CA Counties,2021-03-01,234781,9645772,124404,4929729,110353,4716000,24,43,135654,3497270,98584,3109730,140593,6607000,
All CA Counties,2021-03-02,265764,9911536,129788,5059517,135966,4851966,10,53,160670,3561153,104694,3214424,168577,6775577,
All CA Counties,2021-03-03,323341,10234877,159380,5218897,163929,5015895,32,85,185261,3617201,137492,3351916,193540,6969117,
All CA Counties,2021-03-04,335363,10570240,168097,5386994,167186,5183081,80,165,197978,3686057,136802,3488718,205658,7174775,
All CA Counties,2021-03-05,325442,10895682,158486,5545480,165863,5348944,1093,1258,202285,3775091,122456,3611174,211490,7386265,
All CA Counties,2021-03-06,248400,11144082,127644,5673124,112990,5461934,7766,9024,154532,3849381,93544,3704718,167834,7554099,
All CA Counties,2021-03-07,123641,11267723,75224,5748348,44413,5506347,4004,13028,76927,3889243,46570,3751288,86432,7640531,
All CA Counties,2021-03-08,210828,11478551,101780,5850128,98784,5605131,10264,23292,137756,3969476,72777,3824065,153010,7793541,
All CA Counties,2021-03-09,260258,11738809,112435,5962563,132148,5737279,15675,38967,141107,4013731,118759,3942824,163014,7956555,
All CA Counties,2021-03-10,308301,12047110,150899,6113462,134144,5871423,23258,62225,167320,4069866,140474,4083298,196609,8153164,
All CA Counties,2021-03-11,365302,12412412,176543,6290005,157185,6028608,31574,93799,189159,4121163,175359,4258657,226656,8379820,
All CA Counties,2021-03-12,385798,12798210,171580,6461585,168607,6197215,45611,139410,188578,4162876,196553,4455210,238266,8618086,
All CA Counties,2021-03-13,276784,13074994,121195,6582780,124981,6322196,30608,170018,149538,4220467,126881,4582091,184472,8802558,
All CA Counties,2021-03-14,151217,13226211,81091,6663871,55378,6377574,14748,184766,81429,4249504,69558,4651649,98595,8901153,
All CA Counties,2021-03-15,286583,13512794,136475,6800346,129832,6507406,20276,205042,156390,4301874,129592,4781241,181962,9083115,
All CA Counties,2021-03-16,365016,13877810,171350,6971696,176648,6684054,17018,222060,213678,4387492,150676,4931917,236294,9319409,
All CA Counties,2021-03-17,377185,14254995,187361,7159057,171915,6855969,17909,239969,234343,4500942,142152,5074069,255602,9575011,
All CA Counties,2021-03-18,389145,14644140,199248,7358305,172282,7028251,17615,257584,232533,4601073,155740,5229809,255871,9830882,
All CA Counties,2021-03-19,400440,15044580,209789,7568094,169469,7197720,21182,278766,234984,4695368,164646,5394455,258941,10089823,
All CA Counties,2021-03-20,287923,15332503,151089,7719183,121450,7319170,15384,294150,184997,4795625,102367,5496822,202624,10292447,
All CA Counties,2021-03-21,140811,15473314,97018,7816201,36418,7355588,7375,301525,89092,4844780,51476,5548298,100631,10393078,
All CA Counties,2021-03-22,266991,15740305,156098,7972299,100095,7455683,10798,312323,177007,4948098,89415,5637713,192733,10585811,
All CA Counties,2021-03-23,349620,16089925,191979,8164278,147032,7602715,10609,322932,226701,5068401,122171,5759884,242474,10828285,
All CA Counties,2021-03-24,379182,16469107,217816,8382094,149369,7752084,11997,334929,224210,5155728,154015,5913899,241342,11069627,
All CA Counties,2021-03-25,404972,16874079,222733,8604827,168255,7920339,13984,348913,234242,5238448,169659,6083558,252379,11322006,
All CA Counties,2021-03-26,422256,17296335,224910,8829737,181675,8102014,15671,364584,234078,5306034,187167,6270725,254753,11576759,
All CA Counties,2021-03-27,304422,17600757,161631,8991368,131584,8233598,11207,375791,156733,5329240,147018,6417743,170224,11746983,
All CA Counties,2021-03-28,165446,17766203,105772,9097140,56035,8289633,3639,379430,90769,5351196,74368,6492111,96324,11843307,
All CA Counties,2021-03-29,301341,18067544,162966,9260106,130025,8419658,8350,387780,173057,5409781,127705,6619816,186290,12029597,
All CA Counties,2021-03-30,389014,18456558,196697,9456803,175635,8595293,16682,404462,239608,5520535,148813,6768629,259567,12289164,
All CA Counties,2021-03-31,416866,18873424,226831,9683634,169127,8764420,20908,425370,241839,5610169,174266,6942895,263900,12553064,
All CA Counties,2021-04-01,475769,19349193,243300,9926934,194195,8958615,38274,463644,267239,5710768,207711,7150606,308310,12861374,
All CA Counties,2021-04-02,457618,19806811,223285,10150219,193215,9151830,41118,504762,251927,5800999,204688,7355294,294919,13156293,
All CA Counties,2021-04-03,319577,20126388,162179,10312398,117749,9269579,39649,544411,162653,5848527,156418,7511712,203946,13360239,
All CA Counties,2021-04-04,128391,20254779,66768,10379166,43865,9313444,17758,562169,57099,5852545,71103,7582815,75121,13435360,
All CA Counties,2021-04-05,342876,20597655,177972,10557138,126497,9439941,38407,600576,173065,5897553,169342,7752157,214350,13649710,
All CA Counties,2021-04-06,448012,21045667,228124,10785262,155631,9595572,64257,664833,220632,5958966,226629,7978786,288042,13937752,
All CA Counties,2021-04-07,462718,21508385,241653,11026915,153219,9748791,67846,732679,228807,6025202,233115,8211901,299351,14237103,
All CA Counties,2021-04-08,483077,21991462,246472,11273387,155594,9904385,81011,813690,231109,6089254,251057,8462958,315109,14552212,
All CA Counties,2021-04-09,455092,22446554,223945,11497332,158701,10063086,72446,886136,212451,6136383,241776,8704734,288905,14841117,
All CA Counties,2021-04-10,351751,22798305,160226,11657558,119712,10182798,71813,957949,148257,6157205,202921,8907655,223743,15064860,
All CA Counties,2021-04-11,181550,22979855,101638,11759196,46735,10229533,33177,991126,75833,6163642,105443,9013098,111880,15176740,
All CA Counties,2021-04-12,318812,23298667,162080,11921276,121366,10350899,35366,1026492,150032,6183845,168002,9181100,188205,15364945,
All CA Counties,2021-04-13,406935,23705602,226798,12148074,179285,10530184,852,1027344,228434,6239815,177686,9358786,233656,15598601,
All CA Counties,2021-04-14,394136,24099738,216907,12364981,177010,10707194,219,1027563,206693,6267068,186587,9545373,213840,15812441,
All CA Counties,2021-04-15,394291,24494029,226124,12591105,167996,10875190,171,1027734,215987,6310739,177339,9722712,221010,16033451,
All CA Counties,2021-04-16,241466,24735495,143667,12734772,97629,10972819,170,1027904,135406,6342054,105602,9828314,136917,16170368,
All CA and Non-CA Counties,2020-12-15,1135,1135,1135,1135,0,0,0,0,1135,1135,0,0,1135,1135,
All CA and Non-CA Counties,2020-12-16,8375,9510,8375,9510,0,0,0,0,8375,9510,0,0,8375,9510,
All CA and Non-CA Counties,2020-12-17,27292,36802,27292,36802,0,0,0,0,27292,36802,0,0,27292,36802,
All CA and Non-CA Counties,2020-12-18,46284,83086,46199,83001,85,85,0,0,46284,83086,0,0,46284,83086,
All CA and Non-CA Counties,2020-12-19,26304,109390,26281,109282,23,108,0,0,26303,109388,1,1,26303,109389,
All CA and Non-CA Counties,2020-12-20,19608,128998,19577,128859,31,139,0,0,19607,128994,1,2,19607,128996,
All CA and Non-CA Counties,2020-12-21,51743,180741,51658,180517,85,224,0,0,51741,180734,1,3,51741,180737,
All CA and Non-CA Counties,2020-12-22,51871,232612,49693,230210,2178,2402,0,0,51869,232602,1,4,51869,232606,
All CA and Non-CA Counties,2020-12-23,51698,284310,42888,273098,8810,11212,0,0,51694,284296,0,4,51694,284300,
All CA and Non-CA Counties,2020-12-24,24798,309108,16920,290018,7878,19090,0,0,24795,309090,1,5,24795,309095,
All CA and Non-CA Counties,2020-12-25,2359,311467,2036,292054,323,19413,0,0,2359,311449,0,5,2359,311454,
All CA and Non-CA Counties,2020-12-26,14902,326369,9629,301683,5273,24686,0,0,14901,326349,1,6,14901,326355,
All CA and Non-CA Counties,2020-12-27,9566,335935,5633,307316,3933,28619,0,0,9565,335913,1,7,9565,335920,
All CA and Non-CA Counties,2020-12-28,47020,382955,30141,337457,16879,45498,0,0,47017,382927,3,10,47017,382937,
All CA and Non-CA Counties,2020-12-29,52503,435458,29503,366960,23000,68498,0,0,52499,435423,3,13,52499,435436,
All CA and Non-CA Counties,2020-12-30,64806,500264,36894,403854,27912,96410,0,0,64798,500218,3,16,64798,500234,
All CA and Non-CA Counties,2020-12-31,30261,530525,11329,415183,18932,115342,0,0,30252,530465,5,21,30252,530486,
All CA and Non-CA Counties,2021-01-01,3880,534405,1677,416860,2203,117545,0,0,3876,534339,2,23,3876,534362,
All CA and Non-CA Counties,2021-01-02,18621,553026,10335,427195,8286,125831,0,0,18619,552957,1,24,18619,552981,
All CA and Non-CA Counties,2021-01-03,6272,559298,3550,430745,2722,128553,0,0,6243,559188,12,36,6243,559224,
All CA and Non-CA Counties,2021-01-04,44378,603676,22392,453137,21986,150539,0,0,44295,603440,43,79,44295,603519,
All CA and Non-CA Counties,2021-01-05,57599,661275,30342,483479,27257,177796,0,0,51981,649944,5561,5640,52065,655584,
All CA and Non-CA Counties,2021-01-06,75501,736776,41895,525374,33606,211402,0,0,59496,693645,15823,21463,59524,715108,
All CA and Non-CA Counties,2021-01-07,95781,832557,54741,580115,41040,252442,0,0,63684,725436,31935,53398,63726,778834,
All CA and Non-CA Counties,2021-01-08,110417,942974,66803,646918,43614,296056,0,0,67531,750279,42745,96143,67588,846422,
All CA and Non-CA Counties,2021-01-09,44868,987842,25554,672472,19314,315370,0,0,28461,762377,16387,112530,28485,874907,
All CA and Non-CA Counties,2021-01-10,24478,1012320,14974,687446,9504,324874,0,0,13154,764239,11308,123838,13170,888077,
All CA and Non-CA Counties,2021-01-11,107201,1119521,71193,758639,36008,360882,0,0,62217,781608,44944,168782,62313,950390,
All CA and Non-CA Counties,2021-01-12,116204,1235725,68657,827296,47547,408429,0,0,73772,813250,42348,211130,73990,1024380,
All CA and Non-CA Counties,2021-01-13,121860,1357585,63024,890320,58836,467265,0,0,87189,865924,34588,245718,87262,1111642,
All CA and Non-CA Counties,2021-01-14,126494,1484079,50511,940831,75983,543248,0,0,106388,952453,19991,265709,106520,1218162,
All CA and Non-CA Counties,2021-01-15,145452,1629531,52935,993766,92517,635765,0,0,130036,1067345,15310,281019,130202,1348364,
All CA and Non-CA Counties,2021-01-16,82956,1712487,27736,1021502,55220,690985,0,0,75279,1135020,7650,288669,75325,1423689,
All CA and Non-CA Counties,2021-01-17,48455,1760942,16883,1038385,31572,722557,0,0,44791,1176196,3658,292327,44834,1468523,
All CA and Non-CA Counties,2021-01-18,88732,1849674,46338,1084723,42394,764951,0,0,69166,1226023,19488,311815,69315,1537838,
All CA and Non-CA Counties,2021-01-19,144740,1994414,74590,1159313,70150,835101,0,0,112851,1307383,31796,343611,113156,1650994,
All CA and Non-CA Counties,2021-01-20,162197,2156611,81447,1240760,80750,915851,0,0,128180,1401960,33839,377450,128416,1779410,
All CA and Non-CA Counties,2021-01-21,175824,2332435,77089,1317849,98735,1014586,0,0,156498,1539652,19114,396564,156806,1936216,
All CA and Non-CA Counties,2021-01-22,172748,2505183,69679,1387528,103069,1117655,0,0,158217,1683623,14399,410963,158370,2094586,
All CA and Non-CA Counties,2021-01-23,113062,2618245,49629,1437157,63433,1181088,0,0,100409,1771546,12596,423559,100519,2195105,
All CA and Non-CA Counties,2021-01-24,61322,2679567,29636,1466793,31686,1212774,0,0,56638,1823578,4657,428216,56689,2251794,
All CA and Non-CA Counties,2021-01-25,147872,2827439,66664,1533457,81208,1293982,0,0,112460,1901045,35327,463543,112794,2364588,
All CA and Non-CA Counties,2021-01-26,173107,3000546,85068,1618525,88039,1382021,0,0,135333,1998992,37653,501196,135600,2500188,
All CA and Non-CA Counties,2021-01-27,183096,3183642,90053,1708578,93043,1475064,0,0,143810,2104086,38925,540121,144019,2644207,
All CA and Non-CA Counties,2021-01-28,191149,3374791,88467,1797045,102682,1577746,0,0,156966,2227334,33908,574029,157156,2801363,
All CA and Non-CA Counties,2021-01-29,186762,3561553,90651,1887696,96111,1673857,0,0,151833,2344939,34377,608406,151982,2953345,
All CA and Non-CA Counties,2021-01-30,126818,3688371,57309,1945005,69509,1743366,0,0,111710,2441829,14953,623359,111843,3065188,
All CA and Non-CA Counties,2021-01-31,72243,3760614,41588,1986593,30655,1774021,0,0,67190,2504054,5009,628368,67234,3132422,
All CA and Non-CA Counties,2021-02-01,163084,3923698,75165,2061758,87919,1861940,0,0,124481,2590185,38473,666841,124604,3257026,
All CA and Non-CA Counties,2021-02-02,191244,4114942,81429,2143187,109815,1971755,0,0,145018,2689542,45876,712717,145233,3402259,
All CA and Non-CA Counties,2021-02-03,216719,4331661,96772,2239959,119947,2091702,0,0,162431,2798378,53815,766532,162651,3564910,
All CA and Non-CA Counties,2021-02-04,233414,4565075,101811,2341770,131603,2223305,0,0,172271,2910379,60605,827137,172606,3737516,
All CA and Non-CA Counties,2021-02-05,251256,4816331,108074,2449844,143182,2366487,0,0,172258,3004917,78253,905390,172791,3910307,
All CA and Non-CA Counties,2021-02-06,158612,4974943,76712,2526556,81900,2448387,0,0,123669,3094299,34774,940164,124156,4034463,
All CA and Non-CA Counties,2021-02-07,68640,5043583,44744,2571300,23896,2472283,0,0,52242,3130672,16313,956477,52686,4087149,
All CA and Non-CA Counties,2021-02-08,184703,5228286,91389,2662689,93314,2565597,0,0,122861,3192866,61395,1017872,123589,4210738,
All CA and Non-CA Counties,2021-02-09,213609,5441895,103249,2765938,110360,2675957,0,0,128590,3237993,84595,1102467,129722,4340460,
All CA and Non-CA Counties,2021-02-10,252267,5694162,121133,2887071,131134,2807091,0,0,140792,3269589,110674,1213141,142270,4482730,
All CA and Non-CA Counties,2021-02-11,265548,5959710,131129,3018200,134419,2941510,0,0,146649,3300096,117913,1331054,148420,4631150,
All CA and Non-CA Counties,2021-02-12,274981,6234691,120211,3138411,154770,3096280,0,0,149583,3327310,124689,1455743,151903,4783053,
All CA and Non-CA Counties,2021-02-13,168366,6403057,77600,3216011,90766,3187046,0,0,93632,3348552,74334,1530077,95576,4878629,
All CA and Non-CA Counties,2021-02-14,96337,6499394,47763,3263774,48574,3235620,0,0,52612,3359264,43582,1573659,54294,4932923,
All CA and Non-CA Counties,2021-02-15,143631,6643025,63624,3327398,80007,3315627,0,0,79498,3378178,63786,1637445,82700,5015623,
All CA and Non-CA Counties,2021-02-16,252621,6895646,120211,3447609,132410,3448037,0,0,134705,3398756,117584,1755029,138162,5153785,
All CA and Non-CA Counties,2021-02-17,261719,7157365,130576,3578185,131143,3579180,0,0,129841,3400873,131404,1886433,133521,5287306,
All CA and Non-CA Counties,2021-02-18,275131,7432496,143992,3722177,131139,3710319,0,0,132656,3396379,141870,2028303,137376,5424682,
All CA and Non-CA Counties,2021-02-19,254713,7687209,148502,3870679,106211,3816530,0,0,131706,3407672,122588,2150891,133881,5558563,
All CA and Non-CA Counties,2021-02-20,153584,7840793,99236,3969915,54348,3870878,0,0,84340,3425282,69030,2219921,86640,5645203,
All CA and Non-CA Counties,2021-02-21,73410,7914203,59360,4029275,14050,3884928,0,0,35959,3426335,37263,2257184,38316,5683519,
All CA and Non-CA Counties,2021-02-22,165015,8079218,111102,4140377,53913,3938841,0,0,82722,3429589,82014,2339198,85268,5768787,
All CA and Non-CA Counties,2021-02-23,225684,8304902,119015,4259392,106669,4045510,0,0,104263,3419969,120919,2460117,111299,5880086,
All CA and Non-CA Counties,2021-02-24,285237,8590139,144010,4403402,141227,4186737,0,0,135684,3415353,148997,2609114,144381,6024467,
All CA and Non-CA Counties,2021-02-25,320145,8910284,156923,4560325,163222,4349959,0,0,166907,3439182,152601,2761715,176430,6200897,
All CA and Non-CA Counties,2021-02-26,354301,9264585,165717,4726042,188584,4538543,0,0,197725,3488517,155704,2917419,205039,6405936,
All CA and Non-CA Counties,2021-02-27,250146,9514731,119485,4845527,130643,4669186,18,18,140506,3524520,109112,3026531,145115,6551051,
All CA and Non-CA Counties,2021-02-28,131464,9646195,78805,4924332,52657,4721843,2,20,76471,3550164,54677,3081208,80321,6631372,
All CA and Non-CA Counties,2021-03-01,239210,9885405,127312,5051644,111874,4833717,24,44,136756,3589959,101904,3183112,141699,6773071,
All CA and Non-CA Counties,2021-03-02,271548,10156953,131606,5183250,139932,4973649,10,54,162269,3651254,108882,3291994,170177,6943248,
All CA and Non-CA Counties,2021-03-03,330143,10487096,161574,5344824,168536,5142185,33,87,187063,3704102,142500,3434494,195348,7138596,
All CA and Non-CA Counties,2021-03-04,341313,10828409,170378,5515202,170854,5313039,81,168,199774,3770641,140919,3575413,207458,7346054,
All CA and Non-CA Counties,2021-03-05,329629,11158038,160269,5675471,168254,5481293,1106,1274,204344,3859612,124599,3700012,213570,7559624,
All CA and Non-CA Counties,2021-03-06,252304,11410342,129291,5804762,115089,5596382,7924,9198,156393,3933896,95577,3795589,169861,7729485,
All CA and Non-CA Counties,2021-03-07,125096,11535438,76195,5880957,44843,5641225,4058,13256,77761,3974028,47189,3842778,87321,7816806,
All CA and Non-CA Counties,2021-03-08,213432,11748870,103299,5984256,99620,5740845,10513,23769,139569,4055569,73536,3916314,155077,7971883,
All CA and Non-CA Counties,2021-03-09,264071,12012941,114269,6098525,133814,5874659,15988,39757,143226,4100567,120449,4036763,165447,8137330,
All CA and Non-CA Counties,2021-03-10,311712,12324653,152282,6250807,135683,6010342,23747,63504,169202,4157566,141988,4178751,198987,8336317,
All CA and Non-CA Counties,2021-03-11,370655,12695308,179178,6429985,159219,6169561,32258,95762,191892,4209669,177971,4356722,230074,8566391,
All CA and Non-CA Counties,2021-03-12,391003,13086311,174472,6604457,170211,6339772,46320,142082,191359,4252457,198969,4555691,241757,8808148,
All CA and Non-CA Counties,2021-03-13,280087,13366398,123059,6727516,125952,6465724,31076,173158,151715,4311576,128000,4683691,187119,8995267,
All CA and Non-CA Counties,2021-03-14,152969,13519367,81980,6809496,55913,6521637,15076,188234,82466,4341264,70273,4753964,99961,9095228,
All CA and Non-CA Counties,2021-03-15,289632,13808999,137827,6947323,131142,6652779,20663,208897,158149,4394496,130881,4884845,184113,9279341,
All CA and Non-CA Counties,2021-03-16,370977,14179976,174351,7121674,179263,6832042,17363,226260,217091,4481285,153262,5038107,240051,9519392,
All CA and Non-CA Counties,2021-03-17,383416,14563392,190772,7312446,174389,7006431,18255,244515,238148,4596409,144630,5182737,259754,9779146,
All CA and Non-CA Counties,2021-03-18,395669,14959061,202849,7515295,174695,7181126,18125,262640,236538,4698570,158225,5340962,260386,10039532,
All CA and Non-CA Counties,2021-03-19,406074,15365135,212916,7728211,171443,7352569,21715,284355,238470,4794732,166801,5507763,262963,10302495,
All CA and Non-CA Counties,2021-03-20,291590,15656725,153558,7881769,122570,7475139,15462,299817,187959,4897328,103068,5610831,205664,10508159,
All CA and Non-CA Counties,2021-03-21,142496,15799221,98165,7979934,36869,7512008,7462,307279,90390,4947484,51861,5662692,102017,10610176,
All CA and Non-CA Counties,2021-03-22,269654,16068875,157552,8137486,101230,7613238,10872,318151,178758,5051721,90321,5753013,194558,10804734,
All CA and Non-CA Counties,2021-03-23,355100,16423975,194613,8332099,149611,7762849,10876,329027,230533,5174485,123809,5876822,246573,11051307,
All CA and Non-CA Counties,2021-03-24,385466,16809441,220763,8552862,152293,7915142,12410,341437,228992,5265508,155511,6032333,246534,11297841,
All CA and Non-CA Counties,2021-03-25,412171,17221612,225729,8778591,171978,8087120,14464,355901,239815,5352664,171277,6203610,258433,11556274,
All CA and Non-CA Counties,2021-03-26,428236,17649848,228005,9006596,184388,8271508,15843,371744,238317,5422928,188899,6392509,259163,11815437,
All CA and Non-CA Counties,2021-03-27,308635,17958483,164106,9170702,133282,8404790,11247,382991,159700,5447900,148256,6540765,173228,11988665,
All CA and Non-CA Counties,2021-03-28,167968,18126451,107026,9277728,57230,8462020,3712,386703,92431,5470737,75222,6615987,98059,12086724,
All CA and Non-CA Counties,2021-03-29,305735,18432186,164867,9442595,132263,8594283,8605,395308,175777,5530626,129377,6745364,189266,12275990,
All CA and Non-CA Counties,2021-03-30,395009,18827195,199709,9642304,178083,8772366,17217,412525,243341,5643406,151064,6896428,263844,12539834,
All CA and Non-CA Counties,2021-03-31,422165,19249360,229809,9872113,170713,8943079,21643,434168,244991,5734782,176410,7072838,267786,12807620,
All CA and Non-CA Counties,2021-04-01,481881,19731241,246716,10118829,196274,9139353,38891,473059,270875,5837162,210182,7283020,312562,13120182,
All CA and Non-CA Counties,2021-04-02,464994,20196235,227217,10346046,195584,9334937,42193,515252,255938,5929120,208049,7491069,300007,13420189,
All CA and Non-CA Counties,2021-04-03,325287,20521522,165525,10511571,118964,9453901,40798,556050,165673,5978132,159103,7650172,208115,13628304,
All CA and Non-CA Counties,2021-04-04,130001,20651523,67582,10579153,44432,9498333,17987,574037,57987,5982546,71824,7721996,76238,13704542,
All CA and Non-CA Counties,2021-04-05,346334,20997857,179701,10758854,127725,9626058,38908,612945,174742,6027955,171120,7893116,216529,13921071,
All CA and Non-CA Counties,2021-04-06,453498,21451355,230882,10989736,157071,9783129,65545,678490,222791,6089499,229943,8123059,291487,14212558,
All CA and Non-CA Counties,2021-04-07,469130,21920485,244990,11234726,154737,9937866,69403,747893,231329,6155922,236997,8360056,303420,14515978,
All CA and Non-CA Counties,2021-04-08,489739,22410224,249848,11484574,157131,10094997,82760,830653,233773,6220389,255048,8615104,319515,14835493,
All CA and Non-CA Counties,2021-04-09,460688,22870912,226755,11711329,159874,10254871,74059,904712,214544,6267727,245276,8860380,292614,15128107,
All CA and Non-CA Counties,2021-04-10,357053,23227965,162942,11874271,120505,10375376,73606,978318,149724,6287977,206752,9067132,227002,15355109,
All CA and Non-CA Counties,2021-04-11,183931,23411896,102943,11977214,47187,10422563,33801,1012119,76652,6294297,107004,9174136,113324,15468433,
All CA and Non-CA Counties,2021-04-12,321802,23733698,163663,12140877,122347,10544910,35792,1047911,151429,6314735,169590,9343726,190028,15658461,
All CA and Non-CA Counties,2021-04-13,411721,24145419,229737,12370614,181103,10726013,881,1048792,230767,6370620,180133,9523859,236018,15894479,
All CA and Non-CA Counties,2021-04-14,399082,24544501,220037,12590651,178824,10904837,221,1049013,209497,6398543,188723,9712582,216646,16111125,
All CA and Non-CA Counties,2021-04-15,399550,24944051,229237,12819888,170137,11074974,176,1049189,219183,6443366,179393,9891975,224216,16335341,
All CA and Non-CA Counties,2021-04-16,244087,25188138,145057,12964945,98855,11173829,175,1049364,137024,6475308,106599,9998574,138541,16473882,
Outside California,2020-12-15,7,7,7,7,0,0,0,0,7,7,0,0,7,7,Not in California
Outside California,2020-12-16,133,140,133,140,0,0,0,0,133,140,0,0,133,140,Not in California
Outside California,2020-12-17,1526,1666,1526,1666,0,0,0,0,1526,1666,0,0,1526,1666,Not in California
Outside California,2020-12-18,2356,4022,2352,4018,4,4,0,0,2355,4021,0,0,2355,4021,Not in California
Outside California,2020-12-19,979,5001,978,4996,1,5,0,0,979,5000,0,0,979,5000,Not in California
Outside California,2020-12-20,639,5640,637,5633,2,7,0,0,639,5639,0,0,639,5639,Not in California
Outside California,2020-12-21,2059,7699,2058,7691,1,8,0,0,2058,7697,0,0,2058,7697,Not in California
Outside California,2020-12-22,1920,9619,1888,9579,32,40,0,0,1920,9617,0,0,1920,9617,Not in California
Outside California,2020-12-23,1420,11039,1303,10882,117,157,0,0,1420,11037,0,0,1420,11037,Not in California
Outside California,2020-12-24,801,11840,609,11491,192,349,0,0,801,11838,0,0,801,11838,Not in California
Outside California,2020-12-25,32,11872,28,11519,4,353,0,0,32,11870,0,0,32,11870,Not in California
Outside California,2020-12-26,307,12179,203,11722,104,457,0,0,307,12177,0,0,307,12177,Not in California
Outside California,2020-12-27,187,12366,72,11794,115,572,0,0,187,12364,0,0,187,12364,Not in California
Outside California,2020-12-28,1387,13753,874,12668,513,1085,0,0,1387,13751,0,0,1387,13751,Not in California
Outside California,2020-12-29,1447,15200,924,13592,523,1608,0,0,1447,15198,0,0,1447,15198,Not in California
Outside California,2020-12-30,1838,17038,1189,14781,649,2257,0,0,1839,17037,0,0,1839,17037,Not in California
Outside California,2020-12-31,1059,18097,579,15360,480,2737,0,0,1059,18095,1,1,1059,18096,Not in California
Outside California,2021-01-01,109,18206,22,15382,87,2824,0,0,109,18204,0,1,109,18205,Not in California
Outside California,2021-01-02,240,18446,132,15514,108,2932,0,0,239,18442,1,2,239,18444,Not in California
Outside California,2021-01-03,172,18618,92,15606,80,3012,0,0,172,18614,0,2,172,18616,Not in California
Outside California,2021-01-04,1121,19739,502,16108,619,3631,0,0,1116,19730,0,2,1116,19732,Not in California
Outside California,2021-01-05,1436,21175,747,16855,689,4320,0,0,1300,20896,134,136,1300,21032,Not in California
Outside California,2021-01-06,2568,23743,1515,18370,1053,5373,0,0,1905,22131,670,806,1905,22937,Not in California
Outside California,2021-01-07,4073,27816,2498,20868,1575,6948,0,0,2448,22958,1623,2429,2450,25387,Not in California
Outside California,2021-01-08,4261,32077,2695,23563,1566,8514,0,0,2526,23762,1725,4154,2529,27916,Not in California
Outside California,2021-01-09,1325,33402,531,24094,794,9308,0,0,996,24433,327,4481,998,28914,Not in California
Outside California,2021-01-10,301,33703,178,24272,123,9431,0,0,182,24496,119,4600,182,29096,Not in California
Outside California,2021-01-11,3208,36911,1945,26217,1263,10694,0,0,1897,25081,1312,5912,1897,30993,Not in California
Outside California,2021-01-12,3727,40638,2236,28453,1491,12185,0,0,2251,25862,1471,7383,2252,33245,Not in California
Outside California,2021-01-13,3485,44123,1711,30164,1774,13959,0,0,2395,27163,1095,8478,2396,35641,Not in California
Outside California,2021-01-14,3616,47739,1237,31401,2379,16338,0,0,3002,29553,612,9090,3002,38643,Not in California
Outside California,2021-01-15,3987,51726,917,32318,3070,19408,0,0,3555,32680,428,9518,3555,42198,Not in California
Outside California,2021-01-16,2523,54249,354,32672,2169,21577,0,0,2349,34858,171,9689,2349,44547,Not in California
Outside California,2021-01-17,446,54695,145,32817,301,21878,0,0,396,35205,49,9738,396,44943,Not in California
Outside California,2021-01-18,1082,55777,730,33547,352,22230,0,0,628,35381,453,10191,629,45572,Not in California
Outside California,2021-01-19,3954,59731,1289,34836,2665,24895,0,0,3112,37652,843,11034,3114,48686,Not in California
Outside California,2021-01-20,4280,64011,1333,36169,2947,27842,0,0,3402,40180,875,11909,3403,52089,Not in California
Outside California,2021-01-21,3935,67946,980,37149,2955,30797,0,0,3421,43103,498,12407,3421,55510,Not in California
Outside California,2021-01-22,4360,72306,991,38140,3369,34166,0,0,3969,46687,386,12793,3970,59480,Not in California
Outside California,2021-01-23,2199,74505,329,38469,1870,36036,0,0,2033,48555,165,12958,2033,61513,Not in California
Outside California,2021-01-24,604,75109,245,38714,359,36395,0,0,526,49003,78,13036,526,62039,Not in California
Outside California,2021-01-25,4294,79403,1891,40605,2403,38798,0,0,3458,51612,850,13886,3459,65498,Not in California
Outside California,2021-01-26,5822,85225,2837,43442,2985,41783,0,0,5032,55843,809,14695,5040,70538,Not in California
Outside California,2021-01-27,4579,89804,2592,46034,1987,43770,0,0,4038,59321,562,15257,4040,74578,Not in California
Outside California,2021-01-28,4848,94652,2661,48695,2187,45957,0,0,4425,63307,439,15696,4425,79003,Not in California
Outside California,2021-01-29,4517,99169,2844,51539,1673,47630,0,0,3806,66398,717,16413,3808,82811,Not in California
Outside California,2021-01-30,4069,103238,2305,53844,1764,49394,0,0,3848,70024,222,16635,3848,86659,Not in California
Outside California,2021-01-31,3165,106403,2768,56612,397,49791,0,0,3112,73085,52,16687,3113,89772,Not in California
Outside California,2021-02-01,5316,111719,2460,59072,2856,52647,0,0,4680,77128,637,17324,4680,94452,Not in California
Outside California,2021-02-02,6632,118351,2084,61156,4548,57195,0,0,5940,82383,685,18009,5940,100392,Not in California
Outside California,2021-02-03,7088,125439,1975,63131,5113,62308,0,0,6283,87871,796,18805,6284,106676,Not in California
Outside California,2021-02-04,6562,132001,2056,65187,4506,66814,0,0,5620,92561,930,19735,5620,112296,Not in California
Outside California,2021-02-05,6475,138476,2063,67250,4412,71226,0,0,5497,97076,982,20717,5497,117793,Not in California
Outside California,2021-02-06,4249,142725,2147,69397,2102,73328,0,0,3822,100483,418,21135,3825,121618,Not in California
Outside California,2021-02-07,2169,144894,1787,71184,382,73710,0,0,2092,102500,77,21212,2094,123712,Not in California
Outside California,2021-02-08,5120,150014,3228,74412,1892,75602,0,0,4098,105593,1005,22217,4098,127810,Not in California
Outside California,2021-02-09,4098,154112,1850,76262,2248,77850,0,0,2826,107177,1256,23473,2840,130650,Not in California
Outside California,2021-02-10,5251,159363,1770,78032,3481,81331,0,0,2925,107826,2318,25791,2967,133617,Not in California
Outside California,2021-02-11,4201,163564,1853,79885,2348,83679,0,0,3095,109841,1097,26888,3112,136729,Not in California
Outside California,2021-02-12,4596,168160,1611,81496,2985,86664,0,0,3007,111270,1582,28470,3011,139740,Not in California
Outside California,2021-02-13,2178,170338,598,82094,1580,88244,0,0,1743,112591,433,28903,1754,141494,Not in California
Outside California,2021-02-14,1307,171645,398,82492,909,89153,0,0,1077,113444,226,29129,1079,142573,Not in California
Outside California,2021-02-15,2425,174070,1477,83969,948,90101,0,0,1130,113299,1279,30408,1134,143707,Not in California
Outside California,2021-02-16,6175,180245,2782,86751,3393,93494,0,0,2487,112110,3680,34088,2491,146198,Not in California
Outside California,2021-02-17,5619,185864,2771,89522,2848,96342,0,0,1661,109824,3951,38039,1665,147863,Not in California
Outside California,2021-02-18,5938,191802,3458,92980,2480,98822,0,0,1786,107470,4141,42180,1787,149650,Not in California
Outside California,2021-02-19,4962,196764,3421,96401,1541,100363,0,0,1862,106237,3096,45276,1863,151513,Not in California
Outside California,2021-02-20,3080,199844,2587,98988,493,100856,0,0,1072,105305,2005,47281,1073,152586,Not in California
Outside California,2021-02-21,1782,201626,1574,100562,208,101064,0,0,608,104744,1169,48450,608,153194,Not in California
Outside California,2021-02-22,2671,204297,1855,102417,816,101880,0,0,920,103918,1751,50201,925,154119,Not in California
Outside California,2021-02-23,4946,209243,2447,104864,2499,104379,0,0,1504,101998,3437,53638,1517,155636,Not in California
Outside California,2021-02-24,5130,214373,2502,107366,2628,107007,0,0,1454,99786,3671,57309,1459,157095,Not in California
Outside California,2021-02-25,5628,220001,2419,109785,3209,110216,0,0,2009,98199,3600,60909,2013,159108,Not in California
Outside California,2021-02-26,5819,225820,2891,112676,2928,113144,0,0,2362,97186,3376,64285,2363,161471,Not in California
Outside California,2021-02-27,4436,230256,2207,114883,2228,115372,1,1,1184,95131,3242,67527,1187,162658,Not in California
Outside California,2021-02-28,2367,232623,1756,116639,611,115983,0,1,751,94269,1614,69141,752,163410,Not in California
Outside California,2021-03-01,4387,237010,2883,119522,1504,117487,0,1,1079,92051,3301,72442,1083,164493,Not in California
Outside California,2021-03-02,5766,242776,1812,121334,3954,121441,0,1,1589,89459,4182,76624,1590,166083,Not in California
Outside California,2021-03-03,6785,249561,2184,123518,4600,126041,1,2,1789,86250,5004,81628,1795,167878,Not in California
Outside California,2021-03-04,5895,255456,2230,125748,3664,129705,1,3,1773,83941,4086,85714,1777,169655,Not in California
Outside California,2021-03-05,4157,259613,1770,127518,2374,132079,13,16,2025,83850,2137,87851,2046,171701,Not in California
Outside California,2021-03-06,3873,263486,1637,129155,2080,134159,156,172,1839,83829,2024,89875,2003,173704,Not in California
Outside California,2021-03-07,1446,264932,970,130125,422,134581,54,226,829,84097,616,90491,884,174588,Not in California
Outside California,2021-03-08,2571,267503,1496,131621,828,135409,247,473,1805,85421,733,91224,2057,176645,Not in California
Outside California,2021-03-09,3774,271277,1802,133423,1663,137072,309,782,2109,86180,1660,92884,2419,179064,Not in California
Outside California,2021-03-10,3402,274679,1377,134800,1538,138610,487,1269,1876,87041,1509,94393,2370,181434,Not in California
Outside California,2021-03-11,5313,279992,2622,137422,2023,140633,668,1937,2718,87839,2589,96982,3387,184821,Not in California
Outside California,2021-03-12,5116,285108,2836,140258,1582,142215,698,2635,2764,88956,2346,99328,3463,188284,Not in California
Outside California,2021-03-13,3276,288384,1860,142118,954,143169,462,3097,2169,90489,1100,100428,2633,190917,Not in California
Outside California,2021-03-14,1735,290119,880,142998,529,143698,326,3423,1031,91143,704,101132,1358,192275,Not in California
Outside California,2021-03-15,3020,293139,1340,144338,1295,144993,385,3808,1739,91996,1276,102408,2129,194404,Not in California
Outside California,2021-03-16,5900,299039,2980,147318,2578,147571,342,4150,3370,93139,2568,104976,3711,198115,Not in California
Outside California,2021-03-17,6182,305221,3395,150713,2442,150013,345,4495,3761,94773,2473,107449,4107,202222,Not in California
Outside California,2021-03-18,6481,311702,3581,154294,2390,152403,510,5005,3973,96783,2473,109922,4483,206705,Not in California
Outside California,2021-03-19,5607,317309,3108,157402,1966,154369,533,5538,3464,98636,2147,112069,4000,210705,Not in California
Outside California,2021-03-20,3639,320948,2456,159858,1105,155474,78,5616,2944,100968,690,112759,3022,213727,Not in California
Outside California,2021-03-21,1664,322612,1131,160989,446,155920,87,5703,1280,101954,382,113141,1368,215095,Not in California
Outside California,2021-03-22,2631,325243,1437,162426,1121,157041,73,5776,1731,102864,894,114035,1804,216899,Not in California
Outside California,2021-03-23,5456,330699,2625,165051,2569,159610,262,6038,3817,105316,1627,115662,4079,220978,Not in California
Outside California,2021-03-24,6258,336957,2939,167990,2906,162516,413,6451,4761,108996,1491,117153,5171,226149,Not in California
Outside California,2021-03-25,7154,344111,2966,170956,3708,166224,480,6931,5539,113411,1605,118758,6020,232169,Not in California
Outside California,2021-03-26,5944,350055,3078,174034,2699,168923,167,7098,4217,116078,1716,120474,4383,236552,Not in California
Outside California,2021-03-27,4176,354231,2463,176497,1673,170596,40,7138,2950,117847,1218,121692,2987,239539,Not in California
Outside California,2021-03-28,2504,356735,1246,177743,1185,171781,73,7211,1648,118718,850,122542,1721,241260,Not in California
Outside California,2021-03-29,4360,361095,1888,179631,2218,173999,254,7465,2698,120011,1660,124202,2953,244213,Not in California
Outside California,2021-03-30,5961,367056,2993,182624,2433,176432,535,8000,3711,122027,2239,126441,4255,248468,Not in California
Outside California,2021-03-31,5262,372318,2955,185579,1572,178004,735,8735,3125,123752,2134,128575,3859,252327,Not in California
Outside California,2021-04-01,6083,378401,3402,188981,2064,180068,617,9352,3612,125514,2466,131041,4228,256555,Not in California
Outside California,2021-04-02,7312,385713,3916,192897,2331,182399,1065,10417,3981,127235,3327,134368,5048,261603,Not in California
Outside California,2021-04-03,5692,391405,3337,196234,1206,183605,1149,11566,3012,128721,2675,137043,4161,265764,Not in California
Outside California,2021-04-04,1594,392999,809,197043,556,184161,229,11795,878,129112,716,137759,1107,266871,Not in California
Outside California,2021-04-05,3424,396423,1709,198752,1215,185376,500,12295,1658,129508,1763,139522,2159,269030,Not in California
Outside California,2021-04-06,5451,401874,2740,201492,1424,186800,1287,13582,2142,129639,3296,142818,3427,272457,Not in California
Outside California,2021-04-07,6355,408229,3291,204783,1509,188309,1555,15137,2477,129790,3871,146689,4022,276479,Not in California
Outside California,2021-04-08,6608,414837,3332,208115,1531,189840,1745,16882,2631,130189,3970,150659,4369,280848,Not in California
Outside California,2021-04-09,5558,420395,2785,210900,1160,191000,1613,18495,2067,130384,3488,154147,3683,284531,Not in California
Outside California,2021-04-10,5293,425688,2708,213608,792,191792,1793,20288,1465,129817,3824,157971,3257,287788,Not in California
Outside California,2021-04-11,2368,428056,1296,214904,448,192240,624,20912,814,129703,1553,159524,1439,289227,Not in California
Outside California,2021-04-12,2951,431007,1560,216464,966,193206,425,21337,1380,129942,1566,161090,1805,291032,Not in California
Outside California,2021-04-13,4706,435713,2872,219336,1805,195011,29,21366,2275,129821,2425,163515,2304,293336,Not in California
Outside California,2021-04-14,4705,440418,3009,222345,1694,196705,2,21368,2573,130270,2126,165641,2575,295911,Not in California
Outside California,2021-04-15,5029,445447,3000,225345,2024,198729,5,21373,2987,131234,2033,167674,2997,298908,Not in California
Outside California,2021-04-16,2614,448061,1388,226733,1221,199950,5,21378,1616,131864,992,168666,1622,300530,Not in California
Unknown,2020-12-17,36,36,36,36,0,0,0,0,1,1,0,0,1,1,Not in California
Unknown,2020-12-18,61,97,61,97,0,0,0,0,11,12,0,0,11,12,Not in California
Unknown,2020-12-19,81,178,81,178,0,0,0,0,81,93,0,0,81,93,Not in California
Unknown,2020-12-20,24,202,24,202,0,0,0,0,24,117,0,0,24,117,Not in California
Unknown,2020-12-21,41,243,41,243,0,0,0,0,0,117,0,0,0,117,Not in California
Unknown,2020-12-22,3,246,3,246,0,0,0,0,3,120,0,0,3,120,Not in California
Unknown,2020-12-26,1,247,1,247,0,0,0,0,1,121,0,0,1,121,Not in California
Unknown,2020-12-28,4,251,4,251,0,0,0,0,4,125,0,0,4,125,Not in California
Unknown,2020-12-29,3,254,3,254,0,0,0,0,3,128,0,0,3,128,Not in California
Unknown,2020-12-30,58,312,55,309,3,3,0,0,56,184,0,0,56,184,Not in California
Unknown,2020-12-31,3,315,0,309,3,6,0,0,1,185,0,0,1,185,Not in California
Unknown,2021-01-02,1,316,0,309,1,7,0,0,1,186,0,0,1,186,Not in California
Unknown,2021-01-04,3,319,3,312,0,7,0,0,2,188,0,0,2,188,Not in California
Unknown,2021-01-05,2,321,0,312,2,9,0,0,2,190,0,0,2,190,Not in California
Unknown,2021-01-06,31,352,29,341,2,11,0,0,6,172,24,24,6,196,Not in California
Unknown,2021-01-07,109,461,106,447,3,14,0,0,71,205,38,62,71,267,Not in California
Unknown,2021-01-08,24,485,21,468,3,17,0,0,4,188,21,83,4,271,Not in California
Unknown,2021-01-09,3,488,2,470,1,18,0,0,4,192,0,83,4,275,Not in California
Unknown,2021-01-11,22,510,22,492,0,18,0,0,18,207,3,86,18,293,Not in California
Unknown,2021-01-12,9,519,7,499,2,20,0,0,8,215,1,87,9,302,Not in California
Unknown,2021-01-13,11,530,11,510,0,20,0,0,12,227,0,87,12,314,Not in California
Unknown,2021-01-14,4,534,3,513,1,21,0,0,4,231,0,87,4,318,Not in California
Unknown,2021-01-15,4,538,3,516,1,22,0,0,4,235,0,87,4,322,Not in California
Unknown,2021-01-16,7,545,7,523,0,22,0,0,6,240,1,88,6,328,Not in California
Unknown,2021-01-17,3,548,3,526,0,22,0,0,3,243,0,88,3,331,Not in California
Unknown,2021-01-18,56,604,56,582,0,22,0,0,54,295,2,90,54,385,Not in California
Unknown,2021-01-19,23,627,22,604,1,23,0,0,21,315,1,91,21,406,Not in California
Unknown,2021-01-20,79,706,79,683,0,23,0,0,27,290,52,143,27,433,Not in California
Unknown,2021-01-21,60,766,58,741,2,25,0,0,62,352,0,143,62,495,Not in California
Unknown,2021-01-22,41,807,35,776,6,31,0,0,40,392,0,143,40,535,Not in California
Unknown,2021-01-23,12,819,6,782,6,37,0,0,12,404,0,143,12,547,Not in California
Unknown,2021-01-24,2,821,2,784,0,37,0,0,3,407,0,143,3,550,Not in California
Unknown,2021-01-25,20,841,18,802,2,39,0,0,17,421,3,146,17,567,Not in California
Unknown,2021-01-26,95,936,95,897,0,39,0,0,98,519,0,146,98,665,Not in California
Unknown,2021-01-27,17,953,17,914,0,39,0,0,16,534,1,147,16,681,Not in California
Unknown,2021-01-28,153,1106,150,1064,3,42,0,0,98,573,59,206,98,779,Not in California
Unknown,2021-01-29,148,1254,147,1211,1,43,0,0,153,725,1,207,153,932,Not in California
Unknown,2021-01-30,10,1264,8,1219,2,45,0,0,13,737,1,208,13,945,Not in California
Unknown,2021-01-31,16,1280,16,1235,0,45,0,0,16,752,1,209,16,961,Not in California
Unknown,2021-02-01,36,1316,34,1269,2,47,0,0,21,756,17,226,21,982,Not in California
Unknown,2021-02-02,69,1385,67,1336,2,49,0,0,63,814,5,231,63,1045,Not in California
Unknown,2021-02-03,50,1435,47,1383,3,52,0,0,38,841,11,242,38,1083,Not in California
Unknown,2021-02-04,61,1496,56,1439,5,57,0,0,56,892,5,247,56,1139,Not in California
Unknown,2021-02-05,19,1515,12,1451,7,64,0,0,15,900,7,254,15,1154,Not in California
Unknown,2021-02-06,19,1534,14,1465,5,69,0,0,15,908,7,261,15,1169,Not in California
Unknown,2021-02-07,8,1542,8,1473,0,69,0,0,6,912,2,263,6,1175,Not in California
Unknown,2021-02-08,54,1596,51,1524,3,72,0,0,13,884,41,304,13,1188,Not in California
Unknown,2021-02-09,20,1616,19,1543,1,73,0,0,5,874,15,319,5,1193,Not in California
Unknown,2021-02-10,36,1652,31,1574,5,78,0,0,10,858,26,345,10,1203,Not in California
Unknown,2021-02-11,93,1745,92,1666,1,79,0,0,43,850,51,396,43,1246,Not in California
Unknown,2021-02-12,48,1793,38,1704,10,89,0,0,19,836,33,429,19,1265,Not in California
Unknown,2021-02-13,15,1808,3,1707,12,101,0,0,17,852,1,430,17,1282,Not in California
Unknown,2021-02-14,7,1815,1,1708,6,107,0,0,5,856,1,431,5,1287,Not in California
Unknown,2021-02-15,43,1858,37,1745,6,113,0,0,29,873,12,443,29,1316,Not in California
Unknown,2021-02-16,105,1963,96,1841,9,122,0,0,31,830,74,517,31,1347,Not in California
Unknown,2021-02-17,10,1973,8,1849,2,124,0,0,4,829,5,522,4,1351,Not in California
Unknown,2021-02-18,106,2079,101,1950,5,129,0,0,20,763,86,608,20,1371,Not in California
Unknown,2021-02-19,198,2277,192,2142,6,135,0,0,59,684,138,746,59,1430,Not in California
Unknown,2021-02-20,12,2289,5,2147,7,142,0,0,5,684,5,751,5,1435,Not in California
Unknown,2021-02-21,18,2307,18,2165,0,142,0,0,4,674,14,765,4,1439,Not in California
Unknown,2021-02-22,9,2316,9,2174,0,142,0,0,6,677,3,768,6,1445,Not in California
Unknown,2021-02-23,62,2378,50,2224,12,154,0,0,15,645,47,815,15,1460,Not in California
Unknown,2021-02-24,44,2422,36,2260,8,162,0,0,15,630,30,845,15,1475,Not in California
Unknown,2021-02-25,75,2497,59,2319,16,178,0,0,26,607,49,894,26,1501,Not in California
Unknown,2021-02-26,39,2536,23,2342,16,194,0,0,24,617,14,908,24,1525,Not in California
Unknown,2021-02-27,28,2564,13,2355,15,209,0,0,20,629,8,916,20,1545,Not in California
Unknown,2021-02-28,17,2581,13,2368,4,213,0,0,10,634,5,921,10,1555,Not in California
Unknown,2021-03-01,42,2623,25,2393,17,230,0,0,23,638,19,940,23,1578,Not in California
Unknown,2021-03-02,18,2641,6,2399,12,242,0,0,10,642,6,946,10,1588,Not in California
Unknown,2021-03-03,17,2658,10,2409,7,249,0,0,13,651,4,950,13,1601,Not in California
Unknown,2021-03-04,55,2713,51,2460,4,253,0,0,23,643,31,981,23,1624,Not in California
Unknown,2021-03-05,30,2743,13,2473,17,270,0,0,34,671,6,987,34,1658,Not in California
Unknown,2021-03-06,31,2774,10,2483,19,289,2,2,22,686,9,996,24,1682,Not in California
Unknown,2021-03-07,9,2783,1,2484,8,297,0,2,5,688,3,999,5,1687,Not in California
Unknown,2021-03-08,33,2816,23,2507,8,305,2,4,8,672,26,1025,10,1697,Not in California
Unknown,2021-03-09,39,2855,32,2539,3,308,4,8,10,656,30,1055,14,1711,Not in California
Unknown,2021-03-10,9,2864,6,2545,1,309,2,10,6,659,5,1060,8,1719,Not in California
Unknown,2021-03-11,40,2904,13,2558,11,320,16,26,15,667,23,1083,31,1750,Not in California
Unknown,2021-03-12,89,2993,56,2614,22,342,11,37,17,625,70,1153,28,1778,Not in California
Unknown,2021-03-13,27,3020,4,2618,17,359,6,43,8,620,19,1172,14,1792,Not in California
Unknown,2021-03-14,17,3037,9,2627,6,365,2,45,6,617,11,1183,8,1800,Not in California
Unknown,2021-03-15,29,3066,12,2639,15,380,2,47,20,626,13,1196,22,1822,Not in California
Unknown,2021-03-16,61,3127,21,2660,37,417,3,50,43,654,18,1214,46,1868,Not in California
Unknown,2021-03-17,49,3176,16,2676,32,449,1,51,44,694,5,1219,45,1913,Not in California
Unknown,2021-03-18,43,3219,20,2696,23,472,0,51,32,714,12,1231,32,1945,Not in California
Unknown,2021-03-19,27,3246,19,2715,8,480,0,51,22,728,8,1239,22,1967,Not in California
Unknown,2021-03-20,28,3274,13,2728,15,495,0,51,18,735,11,1250,18,1985,Not in California
Unknown,2021-03-21,21,3295,16,2744,5,500,0,51,18,750,3,1253,18,2003,Not in California
Unknown,2021-03-22,32,3327,17,2761,14,514,1,52,20,759,12,1265,21,2024,Not in California
Unknown,2021-03-23,24,3351,9,2770,10,524,5,57,15,768,11,1276,20,2044,Not in California
Unknown,2021-03-24,26,3377,8,2778,18,542,0,57,21,784,5,1281,21,2065,Not in California
Unknown,2021-03-25,45,3422,30,2808,15,557,0,57,34,805,13,1294,34,2099,Not in California
Unknown,2021-03-26,36,3458,17,2825,14,571,5,62,22,816,16,1310,27,2126,Not in California
Unknown,2021-03-27,37,3495,12,2837,25,596,0,62,17,813,20,1330,17,2143,Not in California
Unknown,2021-03-28,18,3513,8,2845,10,606,0,62,14,823,4,1334,14,2157,Not in California
Unknown,2021-03-29,34,3547,13,2858,20,626,1,63,22,834,12,1346,23,2180,Not in California
Unknown,2021-03-30,34,3581,19,2877,15,641,0,63,22,844,12,1358,22,2202,Not in California
Unknown,2021-03-31,37,3618,23,2900,14,655,0,63,27,861,10,1368,27,2229,Not in California
Unknown,2021-04-01,29,3647,14,2914,15,670,0,63,24,880,5,1373,24,2253,Not in California
Unknown,2021-04-02,64,3711,16,2930,38,708,10,73,30,886,34,1407,40,2293,Not in California
Unknown,2021-04-03,18,3729,9,2939,9,717,0,73,8,884,10,1417,8,2301,Not in California
Unknown,2021-04-04,16,3745,5,2944,11,728,0,73,10,889,5,1422,10,2311,Not in California
Unknown,2021-04-05,34,3779,20,2964,13,741,1,74,19,894,15,1437,20,2331,Not in California
Unknown,2021-04-06,35,3814,18,2982,16,757,1,75,17,894,18,1455,18,2349,Not in California
Unknown,2021-04-07,57,3871,46,3028,9,766,2,77,45,930,11,1466,47,2396,Not in California
Unknown,2021-04-08,54,3925,44,3072,6,772,4,81,33,946,21,1487,37,2433,Not in California
Unknown,2021-04-09,38,3963,25,3097,13,785,0,81,26,960,12,1499,26,2459,Not in California
Unknown,2021-04-10,9,3972,8,3105,1,786,0,81,2,955,7,1506,2,2461,Not in California
Unknown,2021-04-11,13,3985,9,3114,4,790,0,81,5,952,8,1514,5,2466,Not in California
Unknown,2021-04-12,39,4024,23,3137,15,805,1,82,17,948,22,1536,18,2484,Not in California
Unknown,2021-04-13,80,4104,67,3204,13,818,0,82,58,984,22,1558,58,2542,Not in California
Unknown,2021-04-14,241,4345,121,3325,120,938,0,82,231,1205,10,1568,231,2773,Not in California
Unknown,2021-04-15,230,4575,113,3438,117,1055,0,82,209,1393,21,1589,209,2982,Not in California
Unknown,2021-04-16,7,4582,2,3440,5,1060,0,82,2,1390,5,1594,2,2984,Not in California
Alameda,2020-12-15,36,36,36,36,0,0,0,0,36,36,0,0,36,36,California
Alameda,2020-12-16,202,238,202,238,0,0,0,0,202,238,0,0,202,238,California
Alameda,2020-12-17,396,634,396,634,0,0,0,0,396,634,0,0,396,634,California
Alameda,2020-12-18,1763,2397,1762,2396,1,1,0,0,1763,2397,0,0,1763,2397,California
Alameda,2020-12-19,1358,3755,1358,3754,0,1,0,0,1358,3755,0,0,1358,3755,California
Alameda,2020-12-20,1158,4913,1157,4911,1,2,0,0,1157,4911,1,1,1157,4912,California
Alameda,2020-12-21,1857,6770,1856,6767,1,3,0,0,1856,6767,0,1,1856,6768,California
Alameda,2020-12-22,2097,8867,2045,8812,52,55,0,0,2097,8864,0,1,2097,8865,California
Alameda,2020-12-23,1926,10793,1670,10482,256,311,0,0,1926,10790,0,1,1926,10791,California
Alameda,2020-12-24,1217,12010,757,11239,460,771,0,0,1217,12007,0,1,1217,12008,California
Alameda,2020-12-25,165,12175,128,11367,37,808,0,0,165,12172,0,1,165,12173,California
Alameda,2020-12-26,867,13042,323,11690,544,1352,0,0,867,13039,0,1,867,13040,California
Alameda,2020-12-27,501,13543,256,11946,245,1597,0,0,501,13540,0,1,501,13541,California
Alameda,2020-12-28,1883,15426,956,12902,927,2524,0,0,1883,15423,0,1,1883,15424,California
Alameda,2020-12-29,2424,17850,1020,13922,1404,3928,0,0,2423,17846,0,1,2423,17847,California
Alameda,2020-12-30,3121,20971,1358,15280,1763,5691,0,0,3123,20969,0,1,3123,20970,California
Alameda,2020-12-31,1785,22756,439,15719,1346,7037,0,0,1784,22752,1,2,1784,22754,California
Alameda,2021-01-01,170,22926,70,15789,100,7137,0,0,169,22920,1,3,169,22923,California
Alameda,2021-01-02,718,23644,520,16309,198,7335,0,0,717,23637,0,3,717,23640,California
Alameda,2021-01-03,341,23985,220,16529,121,7456,0,0,338,23972,3,6,338,23978,California
Alameda,2021-01-04,1649,25634,945,17474,704,8160,0,0,1637,25598,11,17,1637,25615,California
Alameda,2021-01-05,2200,27834,1265,18739,935,9095,0,0,1963,27327,234,251,1963,27578,California
Alameda,2021-01-06,3238,31072,1775,20514,1463,10558,0,0,2424,28942,811,1062,2426,30004,California
Alameda,2021-01-07,3769,34841,2113,22627,1656,12214,0,0,2682,30550,1078,2140,2686,32690,California
Alameda,2021-01-08,4721,39562,2693,25320,2028,14242,0,0,3102,32042,1614,3754,3106,35796,California
Alameda,2021-01-09,2032,41594,1389,26709,643,14885,0,0,1170,32350,862,4616,1170,36966,California
Alameda,2021-01-10,1059,42653,841,27550,218,15103,0,0,423,32136,637,5253,423,37389,California
Alameda,2021-01-11,4623,47276,3496,31046,1127,16230,0,0,2838,33195,1785,7038,2844,40233,California
Alameda,2021-01-12,4819,52095,3243,34289,1576,17806,0,0,3430,35239,1388,8426,3432,43665,California
Alameda,2021-01-13,5021,57116,2652,36941,2369,20175,0,0,3843,37909,1174,9600,3844,47509,California
Alameda,2021-01-14,5603,62719,2740,39681,2863,23038,0,0,4716,41750,878,10478,4719,52228,California
Alameda,2021-01-15,5817,68536,2308,41989,3509,26547,0,0,5053,46049,757,11235,5056,57284,California
Alameda,2021-01-16,3007,71543,1411,43400,1596,28143,0,0,2737,48517,270,11505,2738,60022,California
Alameda,2021-01-17,1863,73406,1079,44479,784,28927,0,0,1658,49972,204,11709,1659,61681,California
Alameda,2021-01-18,3186,76592,2048,46527,1138,30065,0,0,2592,51979,590,12299,2597,64278,California
Alameda,2021-01-19,5517,82109,3330,49857,2187,32252,0,0,4330,55126,1185,13484,4332,68610,California
Alameda,2021-01-20,6686,88795,4023,53880,2663,34915,0,0,5393,59242,1281,14765,5397,74007,California
Alameda,2021-01-21,7737,96532,3383,57263,4354,39269,0,0,6910,65334,821,15586,6913,80920,California
Alameda,2021-01-22,6835,103367,2033,59296,4802,44071,0,0,5697,69902,1131,16717,5699,86619,California
Alameda,2021-01-23,3278,106645,942,60238,2336,46407,0,0,2726,72078,552,17269,2728,89347,California
Alameda,2021-01-24,2048,108693,654,60892,1394,47801,0,0,1772,73578,272,17541,1772,91119,California
Alameda,2021-01-25,5212,113905,1985,62877,3227,51028,0,0,3629,75632,1575,19116,3629,94748,California
Alameda,2021-01-26,7228,121133,2271,65148,4957,55985,0,0,5373,79158,1848,20964,5374,100122,California
Alameda,2021-01-27,6669,127802,2077,67225,4592,60577,0,0,4827,82156,1831,22795,4829,104951,California
Alameda,2021-01-28,7859,135661,2537,69762,5322,65899,0,0,5625,85563,2219,25014,5626,110577,California
Alameda,2021-01-29,7890,143551,3171,72933,4719,70618,0,0,6068,89820,1812,26826,6069,116646,California
Alameda,2021-01-30,3406,146957,1663,74596,1743,72361,0,0,2706,91831,695,27521,2706,119352,California
Alameda,2021-01-31,1900,148857,961,75557,939,73300,0,0,1658,93249,240,27761,1658,121010,California
Alameda,2021-02-01,5947,154804,3349,78906,2598,75898,0,0,4314,95937,1627,29388,4315,125325,California
Alameda,2021-02-02,7439,162243,4238,83144,3201,79099,0,0,4655,97819,2773,32161,4655,129980,California
Alameda,2021-02-03,7072,169315,3726,86870,3346,82445,0,0,4404,99566,2662,34823,4409,134389,California
Alameda,2021-02-04,9486,178801,4128,90998,5358,87803,0,0,6436,102974,3033,37856,6441,140830,California
Alameda,2021-02-05,10317,189118,5385,96383,4932,92735,0,0,6454,105577,3857,41713,6460,147290,California
Alameda,2021-02-06,6993,196111,4435,100818,2558,95293,0,0,5875,110334,1118,42831,5875,153165,California
Alameda,2021-02-07,3581,199692,2893,103711,688,95981,0,0,2644,112045,934,43765,2645,155810,California
Alameda,2021-02-08,8079,207771,5777,109488,2302,98283,0,0,5538,115054,2531,46296,5540,161350,California
Alameda,2021-02-09,9691,217462,5852,115340,3839,102122,0,0,6045,117461,3640,49936,6047,167397,California
Alameda,2021-02-10,11437,228899,6762,122102,4675,106797,0,0,6629,119306,4791,54727,6636,174033,California
Alameda,2021-02-11,13824,242723,7900,130002,5924,112721,0,0,8363,122228,5445,60172,8367,182400,California
Alameda,2021-02-12,12498,255221,5687,135689,6811,119532,0,0,7740,125228,4743,64915,7743,190143,California
Alameda,2021-02-13,7798,263019,4062,139751,3736,123268,0,0,5842,129120,1952,66867,5844,195987,California
Alameda,2021-02-14,4024,267043,2534,142285,1490,124758,0,0,2868,130837,1153,68020,2870,198857,California
Alameda,2021-02-15,5700,272743,3221,145506,2479,127237,0,0,3694,132530,2004,70024,3697,202554,California
Alameda,2021-02-16,12508,285251,6943,152449,5565,132802,0,0,9311,138658,3188,73212,9316,211870,California
Alameda,2021-02-17,14091,299342,8346,160795,5745,138547,0,0,10480,145547,3593,76805,10482,222352,California
Alameda,2021-02-18,15833,315175,10050,170845,5783,144330,0,0,11499,152722,4330,81135,11505,233857,California
Alameda,2021-02-19,17611,332786,11423,182268,6188,150518,0,0,11682,158500,5907,87042,11685,245542,California
Alameda,2021-02-20,11847,344633,9599,191867,2248,152766,0,0,9143,164947,2701,89743,9148,254690,California
Alameda,2021-02-21,6170,350803,5243,197110,927,153693,0,0,3720,166226,2441,92184,3720,258410,California
Alameda,2021-02-22,10685,361488,7910,205020,2775,156468,0,0,6733,169030,3939,96123,6743,265153,California
Alameda,2021-02-23,12682,374170,7705,212725,4977,161445,0,0,7897,172157,4776,100899,7903,273056,California
Alameda,2021-02-24,14635,388805,8196,220921,6439,167884,0,0,9490,176565,5087,105986,9495,282551,California
Alameda,2021-02-25,15583,404388,9117,230038,6466,174350,0,0,9929,180878,5622,111608,9935,292486,California
Alameda,2021-02-26,18068,422456,10623,240661,7445,181795,0,0,11698,186251,6329,117937,11702,304188,California
Alameda,2021-02-27,14682,437138,10796,251457,3884,185679,2,2,9093,189782,5567,123504,9098,313286,California
Alameda,2021-02-28,9129,446267,7697,259154,1432,187111,0,2,6064,192801,3046,126550,6065,319351,California
Alameda,2021-03-01,13191,459458,9169,268323,4021,191132,1,3,8187,196030,4965,131515,8194,327545,California
Alameda,2021-03-02,13707,473165,9542,277865,4165,195297,0,3,8818,199985,4870,136385,8825,336370,California
Alameda,2021-03-03,15229,488394,9874,287739,5354,200651,1,4,10366,205517,4837,141222,10369,346739,California
Alameda,2021-03-04,17219,505613,11013,298752,6205,206856,1,5,10840,210014,6344,147566,10841,357580,California
Alameda,2021-03-05,15811,521424,10222,308974,5581,212437,8,13,10609,215475,5162,152728,10623,368203,California
Alameda,2021-03-06,14199,535623,9943,318917,3997,216434,259,272,9328,220236,4828,157556,9589,377792,California
Alameda,2021-03-07,9276,544899,8069,326986,1127,217561,80,352,6560,224187,2691,160247,6642,384434,California
Alameda,2021-03-08,11579,556478,7137,334123,4074,221635,368,720,8635,230294,2894,163141,9001,393435,California
Alameda,2021-03-09,11292,567770,6969,341092,3895,225530,428,1148,6255,231974,5006,168147,6686,400121,California
Alameda,2021-03-10,16615,584385,11299,352391,4770,230300,546,1694,7533,230992,9059,177206,8077,408198,California
Alameda,2021-03-11,19713,604098,11531,363922,6481,236781,1701,3395,6744,226495,12942,190148,8445,416643,California
Alameda,2021-03-12,21065,625163,12274,376196,7146,243927,1645,5040,7436,221964,13607,203755,9076,425719,California
Alameda,2021-03-13,15810,640973,10092,386288,4744,248671,974,6014,5100,217361,10676,214431,6073,431792,California
Alameda,2021-03-14,10679,651652,7801,394089,2093,250764,785,6799,4667,216813,5996,220427,5448,437240,California
Alameda,2021-03-15,14273,665925,9308,403397,4449,255213,516,7315,6348,215777,7897,228324,6861,444101,California
Alameda,2021-03-16,17085,683010,11074,414471,5484,260697,527,7842,7528,214323,9510,237834,8056,452157,California
Alameda,2021-03-17,17297,700307,9743,424214,6862,267559,692,8534,8129,214006,9137,246971,8820,460977,California
Alameda,2021-03-18,18946,719253,10295,434509,7777,275336,874,9408,8696,213354,10223,257194,9571,470548,California
Alameda,2021-03-19,19038,738291,10300,444809,6951,282287,1787,11195,7612,211368,11380,268574,9394,479942,California
Alameda,2021-03-20,15553,753844,10168,454977,4568,286855,817,12012,6501,209660,9025,277599,7317,487259,California
Alameda,2021-03-21,9018,762862,7083,462060,1406,288261,529,12541,3752,208685,5257,282856,4282,491541,California
Alameda,2021-03-22,14814,777676,9977,472037,3857,292118,980,13521,7155,209175,7642,290498,8132,499673,California
Alameda,2021-03-23,19001,796677,11440,483477,6768,298886,793,14314,10678,212368,8283,298781,11476,511149,California
Alameda,2021-03-24,18866,815543,11339,494816,6538,305424,989,15303,8539,211618,10271,309052,9521,520670,California
Alameda,2021-03-25,20214,835757,11138,505954,7703,313127,1373,16676,9504,211836,10649,319701,10867,531537,California
Alameda,2021-03-26,20564,856321,12310,518264,6726,319853,1528,18204,8796,210428,11725,331426,10317,541854,California
Alameda,2021-03-27,18104,874425,12289,530553,4859,324712,956,19160,7798,208906,10260,341686,8738,550592,California
Alameda,2021-03-28,10410,884835,8431,538984,1777,326489,202,19362,3831,206376,6569,348255,4039,554631,California
Alameda,2021-03-29,14525,899360,9247,548231,4287,330776,991,20353,6254,205378,8243,356498,7245,561876,California
Alameda,2021-03-30,18358,917718,9639,557870,7035,337811,1684,22037,10803,210334,7529,364027,12485,574361,California
Alameda,2021-03-31,19119,936837,10042,567912,7025,344836,2052,24089,9536,212361,9559,373586,11586,585947,California
Alameda,2021-04-01,22900,959737,9907,577819,7530,352366,5463,29552,10937,216823,11937,385523,16399,602346,California
Alameda,2021-04-02,23653,983390,9786,587605,8202,360568,5665,35217,11472,221799,12153,397676,17129,619475,California
Alameda,2021-04-03,19993,1003383,9693,597298,5640,366208,4660,39877,10242,226967,9736,407412,14904,634379,California
Alameda,2021-04-04,9651,1013034,3892,601190,2276,368484,3483,43360,3453,227711,6189,413601,6933,641312,California
Alameda,2021-04-05,17592,1030626,7368,608558,5494,373978,4730,48090,7146,229157,10429,424030,11875,653187,California
Alameda,2021-04-06,21969,1052595,10547,619105,5634,379612,5788,53878,9979,232961,11958,435988,15762,668949,California
Alameda,2021-04-07,22271,1074866,11402,630507,5450,385062,5419,59297,11263,238672,10968,446956,16679,685628,California
Alameda,2021-04-08,25088,1099954,11417,641924,5782,390844,7889,67186,10712,242965,14309,461265,18602,704230,California
Alameda,2021-04-09,21863,1121817,9950,651874,7406,398250,4507,71693,11588,248817,10252,471517,16104,720334,California
Alameda,2021-04-10,18598,1140415,7248,659122,5560,403810,5790,77483,8015,252051,10565,482082,13799,734133,California
Alameda,2021-04-11,10924,1151339,4731,663853,2261,406071,3932,81415,4442,253950,6469,488551,8368,742501,California
Alameda,2021-04-12,16430,1167769,10437,674290,4205,410276,1788,83203,9007,257345,7397,495948,10792,753293,California
Alameda,2021-04-13,21977,1189746,13853,688143,8072,418348,52,83255,16229,267930,5705,501653,16290,769583,California
Alameda,2021-04-14,20612,1210358,13355,701498,7256,425604,1,83256,13950,275249,6634,508287,13953,783536,California
Alameda,2021-04-15,20873,1231231,13169,714667,7701,433305,3,83259,13787,281999,7059,515346,13809,797345,California
Alameda,2021-04-16,16789,1248020,9907,724574,6879,440184,3,83262,11465,288171,5301,520647,11473,808818,California
Alpine,2020-12-18,2,2,2,2,0,0,0,0,2,2,0,0,2,2,California
Alpine,2020-12-19,2,4,2,4,0,0,0,0,2,4,0,0,2,4,California
Alpine,2020-12-21,2,6,2,6,0,0,0,0,2,6,0,0,2,6,California
Alpine,2020-12-30,15,21,0,6,15,15,0,0,15,21,0,0,15,21,California
Alpine,2020-12-31,1,22,0,6,1,16,0,0,1,22,0,0,1,22,California
Alpine,2021-01-01,1,23,0,6,1,17,0,0,1,23,0,0,1,23,California
Alpine,2021-01-02,1,24,1,7,0,17,0,0,1,24,0,0,1,24,California
Alpine,2021-01-04,10,34,0,7,10,27,0,0,10,34,0,0,10,34,California
Alpine,2021-01-05,9,43,1,8,8,35,0,0,9,43,0,0,9,43,California
Alpine,2021-01-06,31,74,0,8,31,66,0,0,31,74,0,0,31,74,California
Alpine,2021-01-07,8,82,0,8,8,74,0,0,8,82,0,0,8,82,California
Alpine,2021-01-08,4,86,2,10,2,76,0,0,2,82,2,2,2,84,California
Alpine,2021-01-09,2,88,2,12,0,76,0,0,0,80,2,4,0,84,California
Alpine,2021-01-11,32,120,1,13,31,107,0,0,31,110,1,5,31,115,California
Alpine,2021-01-13,35,155,0,13,35,142,0,0,35,145,0,5,35,150,California
Alpine,2021-01-14,2,157,0,13,2,144,0,0,2,147,0,5,2,152,California
Alpine,2021-01-15,1,158,0,13,1,145,0,0,1,148,0,5,1,153,California
Alpine,2021-01-20,21,179,0,13,21,166,0,0,21,169,0,5,21,174,California
Alpine,2021-01-21,1,180,0,13,1,167,0,0,1,170,0,5,1,175,California
Alpine,2021-01-22,32,212,0,13,32,199,0,0,32,202,0,5,32,207,California
Alpine,2021-01-23,1,213,1,14,0,199,0,0,0,201,1,6,0,207,California
Alpine,2021-01-25,16,229,0,14,16,215,0,0,16,217,0,6,16,223,California
Alpine,2021-01-27,1,230,1,15,0,215,0,0,0,216,1,7,0,223,California
Alpine,2021-01-28,12,242,0,15,12,227,0,0,11,226,1,8,11,234,California
Alpine,2021-01-29,1,243,0,15,1,228,0,0,1,227,0,8,1,235,California
Alpine,2021-02-01,26,269,0,15,26,254,0,0,7,215,19,27,7,242,California
Alpine,2021-02-03,34,303,0,15,34,288,0,0,10,201,24,51,10,252,California
Alpine,2021-02-04,9,312,0,15,9,297,0,0,4,200,5,56,4,256,California
Alpine,2021-02-05,31,343,0,15,31,328,0,0,12,193,19,75,12,268,California
Alpine,2021-02-06,1,344,1,16,0,328,0,0,1,194,0,75,1,269,California
Alpine,2021-02-07,1,345,1,17,0,328,0,0,1,195,0,75,1,270,California
Alpine,2021-02-08,32,377,0,17,32,360,0,0,4,171,28,103,4,274,California
Alpine,2021-02-10,34,411,0,17,34,394,0,0,0,137,34,137,0,274,California
Alpine,2021-02-11,6,417,0,17,6,400,0,0,3,137,3,140,3,277,California
Alpine,2021-02-12,1,418,0,17,1,401,0,0,0,136,1,141,0,277,California
Alpine,2021-02-17,23,441,0,17,23,424,0,0,3,119,20,161,3,280,California
Alpine,2021-02-18,2,443,0,17,2,426,0,0,1,119,1,162,1,281,California
Alpine,2021-02-19,34,477,1,18,33,459,0,0,2,89,32,194,2,283,California
Alpine,2021-02-22,28,505,0,18,28,487,0,0,9,79,19,213,9,292,California
Alpine,2021-02-24,1,506,1,19,0,487,0,0,1,80,0,213,1,293,California
Alpine,2021-02-25,17,523,1,20,16,503,0,0,6,75,11,224,6,299,California
Alpine,2021-02-26,29,552,1,21,28,531,0,0,28,102,1,225,28,327,California
Alpine,2021-02-27,1,553,0,21,1,532,0,0,1,103,0,225,1,328,California
Alpine,2021-03-01,35,588,0,21,35,567,0,0,25,118,10,235,25,353,California
Alpine,2021-03-02,1,589,1,22,0,567,0,0,0,117,1,236,0,353,California
Alpine,2021-03-03,30,619,1,23,29,596,0,0,18,123,12,248,18,371,California
Alpine,2021-03-04,13,632,1,24,12,608,0,0,12,134,1,249,12,383,California
Alpine,2021-03-05,30,662,0,24,30,638,0,0,22,148,8,257,22,405,California
Alpine,2021-03-08,32,694,0,24,32,670,0,0,30,176,2,259,30,435,California
Alpine,2021-03-10,76,770,0,24,76,746,0,0,76,252,0,259,76,511,California
Alpine,2021-03-11,36,806,0,24,36,782,0,0,32,280,4,263,32,543,California
Alpine,2021-03-12,20,826,0,24,20,802,0,0,18,296,2,265,18,561,California
Alpine,2021-03-15,21,847,1,25,20,822,0,0,20,315,1,266,20,581,California
Alpine,2021-03-17,22,869,0,25,21,843,1,1,18,330,4,270,19,600,California
Alpine,2021-03-18,40,909,3,28,37,880,0,1,37,364,3,273,37,637,California
Alpine,2021-03-19,2,911,1,29,1,881,0,1,1,364,1,274,1,638,California
Alpine,2021-03-22,25,936,0,29,25,906,0,1,15,369,10,284,15,653,California
Alpine,2021-03-24,19,955,0,29,19,925,0,1,9,368,10,294,9,662,California
Alpine,2021-03-25,38,993,1,30,36,961,1,2,31,393,7,301,32,694,California
Alpine,2021-03-28,1,994,1,31,0,961,0,2,1,394,0,301,1,695,California
Alpine,2021-03-29,20,1014,0,31,19,980,1,3,3,381,17,318,4,699,California
Alpine,2021-04-01,18,1032,0,31,18,998,0,3,8,379,10,328,8,707,California
Alpine,2021-04-02,101,1133,1,32,100,1098,0,3,47,373,53,381,47,754,California
Alpine,2021-04-05,4,1137,1,33,3,1101,0,3,0,369,4,385,0,754,California
Alpine,2021-04-06,3,1140,2,35,1,1102,0,3,2,370,1,386,2,756,California
Alpine,2021-04-07,120,1260,0,35,119,1221,1,4,29,310,90,476,30,786,California
Alpine,2021-04-08,44,1304,0,35,42,1263,2,6,15,298,29,505,17,803,California
Alpine,2021-04-09,1,1305,0,35,1,1264,0,6,1,299,0,505,1,804,California
Alpine,2021-04-14,47,1352,0,35,47,1311,0,6,10,272,37,542,10,814,California
Alpine,2021-04-15,44,1396,0,35,44,1355,0,6,10,248,34,576,10,824,California
Amador,2020-12-16,2,2,2,2,0,0,0,0,2,2,0,0,2,2,California
Amador,2020-12-17,5,7,5,7,0,0,0,0,5,7,0,0,5,7,California
Amador,2020-12-18,45,52,45,52,0,0,0,0,45,52,0,0,45,52,California
Amador,2020-12-19,17,69,17,69,0,0,0,0,17,69,0,0,17,69,California
Amador,2020-12-20,4,73,4,73,0,0,0,0,4,73,0,0,4,73,California
Amador,2020-12-21,32,105,32,105,0,0,0,0,32,105,0,0,32,105,California
Amador,2020-12-22,35,140,34,139,1,1,0,0,35,140,0,0,35,140,California
Amador,2020-12-23,39,179,38,177,1,2,0,0,39,179,0,0,39,179,California
Amador,2020-12-24,5,184,3,180,2,4,0,0,5,184,0,0,5,184,California
Amador,2020-12-26,5,189,4,184,1,5,0,0,5,189,0,0,5,189,California
Amador,2020-12-27,1,190,0,184,1,6,0,0,1,190,0,0,1,190,California
Amador,2020-12-28,31,221,27,211,4,10,0,0,31,221,0,0,31,221,California
Amador,2020-12-29,26,247,19,230,7,17,0,0,26,247,0,0,26,247,California
Amador,2020-12-30,124,371,78,308,46,63,0,0,124,371,0,0,124,371,California
Amador,2020-12-31,192,563,167,475,25,88,0,0,192,563,0,0,192,563,California
Amador,2021-01-01,1,564,0,475,1,89,0,0,1,564,0,0,1,564,California
Amador,2021-01-02,56,620,56,531,0,89,0,0,56,620,0,0,56,620,California
Amador,2021-01-03,65,685,17,548,48,137,0,0,65,685,0,0,65,685,California
Amador,2021-01-04,124,809,1,549,123,260,0,0,124,809,0,0,124,809,California
Amador,2021-01-05,33,842,3,552,30,290,0,0,31,839,2,2,32,841,California
Amador,2021-01-06,40,882,10,562,30,320,0,0,36,871,4,6,36,877,California
Amador,2021-01-07,227,1109,68,630,159,479,0,0,215,1074,12,18,215,1092,California
Amador,2021-01-08,84,1193,70,700,14,493,0,0,40,1071,44,62,41,1133,California
Amador,2021-01-09,11,1204,11,711,0,493,0,0,2,1064,9,71,2,1135,California
Amador,2021-01-10,7,1211,5,716,2,495,0,0,3,1063,4,75,3,1138,California
Amador,2021-01-11,125,1336,45,761,80,575,0,0,89,1116,36,111,89,1227,California
Amador,2021-01-12,64,1400,49,810,15,590,0,0,40,1132,24,135,40,1267,California
Amador,2021-01-13,38,1438,23,833,15,605,0,0,26,1146,12,147,26,1293,California
Amador,2021-01-14,146,1584,20,853,126,731,0,0,136,1272,10,157,136,1429,California
Amador,2021-01-15,54,1638,23,876,31,762,0,0,47,1312,7,164,47,1476,California
Amador,2021-01-16,19,1657,12,888,7,769,0,0,13,1320,6,170,14,1490,California
Amador,2021-01-17,25,1682,5,893,20,789,0,0,25,1345,0,170,25,1515,California
Amador,2021-01-18,31,1713,27,920,4,793,0,0,9,1332,22,192,9,1524,California
Amador,2021-01-19,119,1832,96,1016,23,816,0,0,75,1363,44,236,75,1599,California
Amador,2021-01-20,182,2014,33,1049,149,965,0,0,166,1514,15,251,166,1765,California
Amador,2021-01-21,253,2267,222,1271,31,996,0,0,144,1550,109,360,145,1910,California
Amador,2021-01-22,133,2400,72,1343,61,1057,0,0,126,1669,7,367,126,2036,California
Amador,2021-01-23,52,2452,32,1375,20,1077,0,0,50,1717,2,369,50,2086,California
Amador,2021-01-24,28,2480,12,1387,16,1093,0,0,25,1739,3,372,25,2111,California
Amador,2021-01-25,58,2538,28,1415,30,1123,0,0,41,1763,17,389,41,2152,California
Amador,2021-01-26,243,2781,16,1431,227,1350,0,0,233,1986,10,399,233,2385,California
Amador,2021-01-27,296,3077,30,1461,266,1616,0,0,249,2191,45,444,250,2635,California
Amador,2021-01-28,345,3422,76,1537,269,1885,0,0,284,2415,61,505,285,2920,California
Amador,2021-01-29,95,3517,30,1567,65,1950,0,0,80,2480,15,520,80,3000,California
Amador,2021-01-30,166,3683,32,1599,134,2084,0,0,161,2636,5,525,161,3161,California
Amador,2021-01-31,32,3715,28,1627,4,2088,0,0,31,2666,1,526,31,3192,California
Amador,2021-02-01,63,3778,23,1650,40,2128,0,0,36,2675,27,553,36,3228,California
Amador,2021-02-02,214,3992,65,1715,149,2277,0,0,127,2718,84,637,127,3355,California
Amador,2021-02-03,141,4133,38,1753,103,2380,0,0,90,2758,50,687,90,3445,California
Amador,2021-02-04,247,4380,71,1824,176,2556,0,0,162,2837,85,772,164,3609,California
Amador,2021-02-05,329,4709,62,1886,267,2823,0,0,314,3136,15,787,314,3923,California
Amador,2021-02-06,99,4808,80,1966,19,2842,0,0,95,3227,4,791,95,4018,California
Amador,2021-02-07,38,4846,35,2001,3,2845,0,0,35,3259,3,794,35,4053,California
Amador,2021-02-08,90,4936,62,2063,28,2873,0,0,73,3315,17,811,73,4126,California
Amador,2021-02-09,172,5108,82,2145,90,2963,0,0,108,3359,64,875,108,4234,California
Amador,2021-02-10,713,5821,78,2223,635,3598,0,0,680,4006,33,908,680,4914,California
Amador,2021-02-11,305,6126,118,2341,187,3785,0,0,200,4102,104,1012,200,5114,California
Amador,2021-02-12,324,6450,118,2459,206,3991,0,0,253,4284,71,1083,253,5367,California
Amador,2021-02-13,165,6615,81,2540,84,4075,0,0,139,4397,26,1109,139,5506,California
Amador,2021-02-14,123,6738,54,2594,69,4144,0,0,106,4486,17,1126,106,5612,California
Amador,2021-02-15,186,6924,59,2653,127,4271,0,0,169,4639,16,1142,169,5781,California
Amador,2021-02-16,407,7331,51,2704,356,4627,0,0,370,4973,37,1179,371,6152,California
Amador,2021-02-17,258,7589,80,2784,178,4805,0,0,163,5041,95,1274,163,6315,California
Amador,2021-02-18,398,7987,98,2882,300,5105,0,0,336,5316,62,1336,337,6652,California
Amador,2021-02-19,191,8178,76,2958,115,5220,0,0,110,5345,81,1417,110,6762,California
Amador,2021-02-20,90,8268,29,2987,61,5281,0,0,63,5381,27,1444,63,6825,California
Amador,2021-02-21,45,8313,34,3021,11,5292,0,0,15,5366,30,1474,15,6840,California
Amador,2021-02-22,63,8376,24,3045,39,5331,0,0,32,5368,30,1504,32,6872,California
Amador,2021-02-23,317,8693,55,3100,262,5593,0,0,138,5328,179,1683,139,7011,California
Amador,2021-02-24,396,9089,56,3156,340,5933,0,0,267,5470,125,1808,267,7278,California
Amador,2021-02-25,518,9607,112,3268,406,6339,0,0,281,5515,236,2044,281,7559,California
Amador,2021-02-26,610,10217,76,3344,534,6873,0,0,505,5916,105,2149,506,8065,California
Amador,2021-02-27,286,10503,90,3434,196,7069,0,0,99,5831,186,2335,101,8166,California
Amador,2021-02-28,101,10604,52,3486,49,7118,0,0,55,5843,46,2381,58,8224,California
Amador,2021-03-01,193,10797,66,3552,127,7245,0,0,124,5899,69,2450,125,8349,California
Amador,2021-03-02,386,11183,62,3614,324,7569,0,0,336,6186,50,2500,337,8686,California
Amador,2021-03-03,245,11428,78,3692,167,7736,0,0,170,6283,74,2574,171,8857,California
Amador,2021-03-04,498,11926,116,3808,382,8118,0,0,396,6577,102,2676,396,9253,California
Amador,2021-03-05,516,12442,76,3884,440,8558,0,0,299,6662,216,2892,301,9554,California
Amador,2021-03-06,100,12542,45,3929,54,8612,1,1,55,6673,45,2937,56,9610,California
Amador,2021-03-07,62,12604,42,3971,20,8632,0,1,19,6649,43,2980,19,9629,California
Amador,2021-03-08,155,12759,71,4042,83,8715,1,2,94,6683,61,3041,95,9724,California
Amador,2021-03-09,372,13131,47,4089,325,9040,0,2,313,6940,56,3097,313,10037,California
Amador,2021-03-10,512,13643,73,4162,438,9478,1,3,248,6927,264,3361,251,10288,California
Amador,2021-03-11,474,14117,113,4275,350,9828,11,14,329,7126,144,3505,343,10631,California
Amador,2021-03-12,570,14687,65,4340,497,10325,8,22,356,7282,213,3718,369,11000,California
Amador,2021-03-13,113,14800,17,4357,89,10414,7,29,75,7330,38,3756,86,11086,California
Amador,2021-03-14,89,14889,19,4376,67,10481,3,32,21,7286,68,3824,24,11110,California
Amador,2021-03-15,188,15077,24,4400,151,10632,13,45,58,7229,130,3954,73,11183,California
Amador,2021-03-16,456,15533,54,4454,392,11024,10,55,192,7169,262,4216,202,11385,California
Amador,2021-03-17,194,15727,40,4494,151,11175,3,58,122,7223,72,4288,126,11511,California
Amador,2021-03-18,476,16203,97,4591,375,11550,4,62,254,7262,222,4510,261,11772,California
Amador,2021-03-19,546,16749,57,4648,472,12022,17,79,398,7534,146,4656,418,12190,California
Amador,2021-03-20,108,16857,46,4694,61,12083,1,80,45,7520,62,4718,48,12238,California
Amador,2021-03-21,50,16907,36,4730,13,12096,1,81,33,7540,16,4734,36,12274,California
Amador,2021-03-22,114,17021,33,4763,52,12148,29,110,49,7553,65,4799,78,12352,California
Amador,2021-03-23,440,17461,48,4811,384,12532,8,118,283,7689,155,4954,291,12643,California
Amador,2021-03-24,346,17807,34,4845,59,12591,253,371,37,7671,308,5262,290,12933,California
Amador,2021-03-25,600,18407,81,4926,513,13104,6,377,391,7860,208,5470,397,13330,California
Amador,2021-03-26,743,19150,42,4968,696,13800,5,382,291,7710,449,5919,299,13629,California
Amador,2021-03-27,89,19239,14,4982,73,13873,2,384,27,7679,62,5981,31,13660,California
Amador,2021-03-28,68,19307,15,4997,51,13924,2,386,14,7642,54,6035,17,13677,California
Amador,2021-03-29,185,19492,27,5024,157,14081,1,387,82,7629,101,6136,88,13765,California
Amador,2021-03-30,537,20029,27,5051,509,14590,1,388,300,7694,236,6372,301,14066,California
Amador,2021-03-31,210,20239,58,5109,147,14737,5,393,48,7585,162,6534,53,14119,California
Amador,2021-04-01,615,20854,85,5194,530,15267,0,393,268,7510,345,6879,270,14389,California
Amador,2021-04-02,609,21463,33,5227,564,15831,12,405,384,7684,223,7102,397,14786,California
Amador,2021-04-03,83,21546,20,5247,43,15874,20,425,20,7662,63,7165,41,14827,California
Amador,2021-04-04,39,21585,3,5250,30,15904,6,431,16,7661,23,7188,22,14849,California
Amador,2021-04-05,142,21727,45,5295,79,15983,18,449,44,7627,97,7285,63,14912,California
Amador,2021-04-06,507,22234,37,5332,451,16434,19,468,225,7591,280,7565,244,15156,California
Amador,2021-04-07,107,22341,34,5366,54,16488,19,487,46,7597,59,7624,65,15221,California
Amador,2021-04-08,504,22845,84,5450,398,16886,22,509,227,7570,276,7900,249,15470,California
Amador,2021-04-09,482,23327,20,5470,444,17330,18,527,215,7535,266,8166,231,15701,California
Amador,2021-04-10,50,23377,13,5483,26,17356,11,538,22,7540,28,8194,33,15734,California
Amador,2021-04-11,48,23425,23,5506,21,17377,4,542,22,7540,26,8220,26,15760,California
Amador,2021-04-12,100,23525,26,5532,65,17442,9,551,42,7533,58,8278,51,15811,California
Amador,2021-04-13,351,23876,49,5581,302,17744,0,551,72,7327,278,8556,72,15883,California
Amador,2021-04-14,92,23968,22,5603,70,17814,0,551,39,7315,52,8608,40,15923,California
Amador,2021-04-15,115,24083,69,5672,46,17860,0,551,41,7289,68,8676,42,15965,California
Amador,2021-04-16,78,24161,15,5687,63,17923,0,551,26,7263,52,8728,26,15991,California
Butte,2020-12-16,3,3,3,3,0,0,0,0,3,3,0,0,3,3,California
Butte,2020-12-17,21,24,21,24,0,0,0,0,21,24,0,0,21,24,California
Butte,2020-12-18,50,74,50,74,0,0,0,0,50,74,0,0,50,74,California
Butte,2020-12-19,7,81,7,81,0,0,0,0,7,81,0,0,7,81,California
Butte,2020-12-20,10,91,10,91,0,0,0,0,10,91,0,0,10,91,California
Butte,2020-12-21,634,725,634,725,0,0,0,0,634,725,0,0,634,725,California
Butte,2020-12-22,618,1343,616,1341,2,2,0,0,618,1343,0,0,618,1343,California
Butte,2020-12-23,870,2213,854,2195,16,18,0,0,870,2213,0,0,870,2213,California
Butte,2020-12-24,159,2372,156,2351,3,21,0,0,159,2372,0,0,159,2372,California
Butte,2020-12-26,93,2465,91,2442,2,23,0,0,93,2465,0,0,93,2465,California
Butte,2020-12-27,35,2500,34,2476,1,24,0,0,35,2500,0,0,35,2500,California
Butte,2020-12-28,279,2779,273,2749,6,30,0,0,279,2779,0,0,279,2779,California
Butte,2020-12-29,204,2983,180,2929,24,54,0,0,204,2983,0,0,204,2983,California
Butte,2020-12-30,501,3484,290,3219,211,265,0,0,501,3484,0,0,501,3484,California
Butte,2020-12-31,211,3695,18,3237,193,458,0,0,211,3695,0,0,211,3695,California
Butte,2021-01-01,8,3703,1,3238,7,465,0,0,8,3703,0,0,8,3703,California
Butte,2021-01-02,37,3740,36,3274,1,466,0,0,37,3740,0,0,37,3740,California
Butte,2021-01-03,4,3744,1,3275,3,469,0,0,4,3744,0,0,4,3744,California
Butte,2021-01-04,208,3952,174,3449,34,503,0,0,208,3952,0,0,208,3952,California
Butte,2021-01-05,195,4147,151,3600,44,547,0,0,194,4145,1,1,194,4146,California
Butte,2021-01-06,622,4769,396,3996,226,773,0,0,617,4758,5,6,618,4764,California
Butte,2021-01-07,761,5530,369,4365,392,1165,0,0,741,5479,20,26,741,5505,California
Butte,2021-01-08,570,6100,529,4894,41,1206,0,0,524,5957,46,72,524,6029,California
Butte,2021-01-09,12,6112,7,4901,5,1211,0,0,7,5959,5,77,7,6036,California
Butte,2021-01-10,19,6131,5,4906,14,1225,0,0,14,5968,5,82,14,6050,California
Butte,2021-01-11,986,7117,950,5856,36,1261,0,0,357,5699,629,711,360,6410,California
Butte,2021-01-12,697,7814,652,6508,45,1306,0,0,274,5550,423,1134,274,6684,California
Butte,2021-01-13,1450,9264,955,7463,495,1801,0,0,615,5332,835,1969,617,7301,California
Butte,2021-01-14,1637,10901,896,8359,741,2542,0,0,1440,6576,196,2165,1440,8741,California
Butte,2021-01-15,1169,12070,925,9284,244,2786,0,0,1060,7526,110,2275,1060,9801,California
Butte,2021-01-16,586,12656,300,9584,286,3072,0,0,541,8022,45,2320,541,10342,California
Butte,2021-01-17,239,12895,64,9648,175,3247,0,0,202,8187,37,2357,202,10544,California
Butte,2021-01-18,342,13237,302,9950,40,3287,0,0,274,8394,67,2424,274,10818,California
Butte,2021-01-19,492,13729,429,10379,63,3350,0,0,219,8340,273,2697,219,11037,California
Butte,2021-01-20,1346,15075,665,11044,681,4031,0,0,1045,9084,301,2998,1045,12082,California
Butte,2021-01-21,1473,16548,865,11909,608,4639,0,0,1367,10346,105,3103,1367,13449,California
Butte,2021-01-22,993,17541,335,12244,658,5297,0,0,940,11233,53,3156,940,14389,California
Butte,2021-01-23,124,17665,82,12326,42,5339,0,0,99,11307,25,3181,99,14488,California
Butte,2021-01-24,9,17674,7,12333,2,5341,0,0,9,11316,0,3181,9,14497,California
Butte,2021-01-25,653,18327,336,12669,317,5658,0,0,490,11643,163,3344,490,14987,California
Butte,2021-01-26,1466,19793,377,13046,1089,6747,0,0,1329,12835,137,3481,1329,16316,California
Butte,2021-01-27,2080,21873,705,13751,1375,8122,0,0,1364,13484,715,4196,1364,17680,California
Butte,2021-01-28,2260,24133,260,14011,2000,10122,0,0,1950,15125,309,4505,1950,19630,California
Butte,2021-01-29,1674,25807,487,14498,1187,11309,0,0,1295,16042,378,4883,1295,20925,California
Butte,2021-01-30,31,25838,9,14507,22,11331,0,0,28,16067,3,4886,28,20953,California
Butte,2021-01-31,17,25855,15,14522,2,11333,0,0,16,16082,1,4887,16,20969,California
Butte,2021-02-01,1746,27601,406,14928,1340,12673,0,0,1359,17056,385,5272,1359,22328,California
Butte,2021-02-02,1931,29532,362,15290,1569,14242,0,0,1628,18380,304,5576,1628,23956,California
Butte,2021-02-03,2734,32266,772,16062,1962,16204,0,0,1845,19338,887,6463,1845,25801,California
Butte,2021-02-04,2959,35225,327,16389,2632,18836,0,0,2404,21189,553,7016,2404,28205,California
Butte,2021-02-05,1167,36392,662,17051,505,19341,0,0,537,21097,630,7646,538,28743,California
Butte,2021-02-06,143,36535,102,17153,41,19382,0,0,61,21076,82,7728,61,28804,California
Butte,2021-02-07,38,36573,34,17187,4,19386,0,0,14,21066,24,7752,14,28818,California
Butte,2021-02-08,689,37262,540,17727,149,19535,0,0,238,20853,451,8203,238,29056,California
Butte,2021-02-09,951,38213,457,18184,494,20029,0,0,724,21350,227,8430,724,29780,California
Butte,2021-02-10,1708,39921,1190,19374,518,20547,0,0,698,21039,1009,9439,698,30478,California
Butte,2021-02-11,2198,42119,1348,20722,850,21397,0,0,1004,20849,1194,10633,1004,31482,California
Butte,2021-02-12,866,42985,301,21023,565,21962,0,0,317,20618,548,11181,317,31799,California
Butte,2021-02-13,254,43239,45,21068,209,22171,0,0,151,20666,103,11284,151,31950,California
Butte,2021-02-14,160,43399,9,21077,151,22322,0,0,155,20816,5,11289,155,32105,California
Butte,2021-02-15,261,43660,48,21125,213,22535,0,0,198,20951,63,11352,198,32303,California
Butte,2021-02-16,729,44389,428,21553,301,22836,0,0,273,20767,457,11809,273,32576,California
Butte,2021-02-17,1512,45901,846,22399,666,23502,0,0,840,20937,670,12479,840,33416,California
Butte,2021-02-18,1549,47450,758,23157,791,24293,0,0,744,20876,805,13284,744,34160,California
Butte,2021-02-19,1165,48615,387,23544,778,25071,0,0,402,20520,758,14042,402,34562,California
Butte,2021-02-20,473,49088,28,23572,445,25516,0,0,120,20288,352,14394,120,34682,California
Butte,2021-02-21,15,49103,13,23585,2,25518,0,0,11,20295,4,14398,11,34693,California
Butte,2021-02-22,1493,50596,296,23881,1197,26715,0,0,384,19571,1108,15506,384,35077,California
Butte,2021-02-23,1631,52227,298,24179,1333,28048,0,0,461,18867,1165,16671,461,35538,California
Butte,2021-02-24,2130,54357,596,24775,1534,29582,0,0,728,18201,1394,18065,728,36266,California
Butte,2021-02-25,2073,56430,575,25350,1498,31080,0,0,654,17440,1416,19481,655,36921,California
Butte,2021-02-26,921,57351,311,25661,610,31690,0,0,398,17318,520,20001,398,37319,California
Butte,2021-02-27,233,57584,47,25708,186,31876,0,0,186,17459,45,20046,186,37505,California
Butte,2021-02-28,140,57724,17,25725,123,31999,0,0,131,17581,9,20055,131,37636,California
Butte,2021-03-01,1623,59347,178,25903,1444,33443,1,1,327,16614,1295,21350,328,37964,California
Butte,2021-03-02,1732,61079,192,26095,1540,34983,0,1,302,15489,1427,22777,302,38266,California
Butte,2021-03-03,2774,63853,840,26935,1934,36917,0,1,480,13676,2293,25070,480,38746,California
Butte,2021-03-04,3120,66973,659,27594,2461,39378,0,1,610,11777,2509,27579,610,39356,California
Butte,2021-03-05,1327,68300,603,28197,723,40101,1,2,721,11896,603,28182,722,40078,California
Butte,2021-03-06,243,68543,27,28224,193,40294,23,25,183,12043,59,28241,206,40284,California
Butte,2021-03-07,55,68598,3,28227,35,40329,17,42,30,12065,25,28266,47,40331,California
Butte,2021-03-08,1260,69858,128,28355,1055,41384,77,119,1097,13078,161,28427,1174,41505,California
Butte,2021-03-09,1895,71753,276,28631,1516,42900,103,222,1410,14107,484,28911,1513,43018,California
Butte,2021-03-10,2319,74072,966,29597,1253,44153,100,322,1581,15054,733,29644,1680,44698,California
Butte,2021-03-11,2802,76874,1314,30911,1364,45517,124,446,1980,16346,812,30456,2104,46802,California
Butte,2021-03-12,1134,78008,324,31235,464,45981,346,792,354,16272,774,31230,700,47502,California
Butte,2021-03-13,250,78258,67,31302,136,46117,47,839,63,16195,187,31417,110,47612,California
Butte,2021-03-14,160,78418,15,31317,103,46220,42,881,21,16120,138,31555,63,47675,California
Butte,2021-03-15,1716,80134,359,31676,1064,47284,293,1174,1125,16950,588,32143,1418,49093,California
Butte,2021-03-16,1621,81755,415,32091,1128,48412,78,1252,1080,17569,538,32681,1157,50250,California
Butte,2021-03-17,1947,83702,1357,33448,509,48921,81,1333,1128,17965,812,33493,1208,51458,California
Butte,2021-03-18,1794,85496,1454,34902,211,49132,129,1462,1055,18413,735,34228,1183,52641,California
Butte,2021-03-19,695,86191,313,35215,298,49430,84,1546,344,18496,345,34573,428,53069,California
Butte,2021-03-20,205,86396,32,35247,157,49587,16,1562,93,18494,111,34684,109,53178,California
Butte,2021-03-21,58,86454,26,35273,3,49590,29,1591,16,18497,42,34726,45,53223,California
Butte,2021-03-22,1458,87912,352,35625,1012,50602,94,1685,1194,19524,261,34987,1288,54511,California
Butte,2021-03-23,1793,89705,488,36113,1191,51793,114,1799,1452,20750,340,35327,1566,56077,California
Butte,2021-03-24,2236,91941,1257,37370,853,52646,126,1925,1694,22031,538,35865,1819,57896,California
Butte,2021-03-25,1463,93404,1182,38552,192,52838,89,2014,1003,22666,457,36322,1092,58988,California
Butte,2021-03-26,1197,94601,434,38986,517,53355,246,2260,559,22840,631,36953,805,59793,California
Butte,2021-03-27,300,94901,84,39070,192,53547,24,2284,132,22830,165,37118,155,59948,California
Butte,2021-03-28,224,95125,43,39113,173,53720,8,2292,100,22816,121,37239,107,60055,California
Butte,2021-03-29,1719,96844,380,39493,1269,54989,70,2362,1308,23786,408,37647,1378,61433,California
Butte,2021-03-30,1029,97873,465,39958,474,55463,90,2452,492,23836,532,38179,582,62015,California
Butte,2021-03-31,1771,99644,1301,41259,403,55866,67,2519,1084,24304,683,38862,1151,63166,California
Butte,2021-04-01,3278,102922,2662,43921,489,56355,127,2646,2210,25579,1063,39925,2338,65504,California
Butte,2021-04-02,993,103915,413,44334,462,56817,118,2764,561,25834,423,40348,678,66182,California
Butte,2021-04-03,344,104259,47,44381,223,57040,74,2838,166,25896,178,40526,240,66422,California
Butte,2021-04-04,185,104444,22,44403,140,57180,23,2861,108,25951,76,40602,131,66553,California
Butte,2021-04-05,1958,106402,420,44823,1368,58548,170,3031,602,25372,1350,41952,771,67324,California
Butte,2021-04-06,2182,108584,617,45440,1145,59693,420,3451,785,25184,1391,43343,1203,68527,California
Butte,2021-04-07,2998,111582,1311,46751,1293,60986,394,3845,688,23961,2305,45648,1082,69609,California
Butte,2021-04-08,2713,114295,1185,47936,1262,62248,266,4111,436,22389,2274,47922,702,70311,California
Butte,2021-04-09,1314,115609,340,48276,534,62782,440,4551,317,22152,993,48915,756,71067,California
Butte,2021-04-10,215,115824,46,48322,72,62854,97,4648,93,22220,121,49036,189,71256,California
Butte,2021-04-11,101,115925,44,48366,47,62901,10,4658,81,22293,18,49054,91,71347,California
Butte,2021-04-12,1233,117158,315,48681,791,63692,127,4785,246,21679,987,50041,373,71720,California
Butte,2021-04-13,1577,118735,573,49254,998,64690,6,4791,345,20806,1225,51266,352,72072,California
Butte,2021-04-14,2547,121282,2065,51319,482,65172,0,4791,1055,20382,1487,52753,1063,73135,California
Butte,2021-04-15,552,121834,368,51687,184,65356,0,4791,433,20697,118,52871,433,73568,California
Butte,2021-04-16,677,122511,392,52079,285,65641,0,4791,377,20776,298,53169,377,73945,California
Calaveras,2020-12-16,5,5,5,5,0,0,0,0,5,5,0,0,5,5,California
Calaveras,2020-12-17,3,8,3,8,0,0,0,0,3,8,0,0,3,8,California
Calaveras,2020-12-18,38,46,38,46,0,0,0,0,38,46,0,0,38,46,California
Calaveras,2020-12-19,3,49,3,49,0,0,0,0,3,49,0,0,3,49,California
Calaveras,2020-12-20,3,52,3,52,0,0,0,0,3,52,0,0,3,52,California
Calaveras,2020-12-21,55,107,48,100,7,7,0,0,55,107,0,0,55,107,California
Calaveras,2020-12-22,80,187,76,176,4,11,0,0,81,188,0,0,81,188,California
Calaveras,2020-12-23,76,263,74,250,2,13,0,0,85,273,0,0,85,273,California
Calaveras,2020-12-24,2,265,2,252,0,13,0,0,2,275,0,0,2,275,California
Calaveras,2020-12-26,3,268,3,255,0,13,0,0,3,278,0,0,3,278,California
Calaveras,2020-12-28,22,290,18,273,4,17,0,0,21,298,1,1,21,299,California
Calaveras,2020-12-29,167,457,148,421,19,36,0,0,167,465,0,1,167,466,California
Calaveras,2020-12-30,94,551,82,503,12,48,0,0,94,559,0,1,94,560,California
Calaveras,2020-12-31,35,586,25,528,10,58,0,0,35,594,0,1,35,595,California
Calaveras,2021-01-02,11,597,11,539,0,58,0,0,11,605,0,1,11,606,California
Calaveras,2021-01-03,8,605,3,542,5,63,0,0,8,613,0,1,8,614,California
Calaveras,2021-01-04,33,638,5,547,28,91,0,0,33,646,0,1,33,647,California
Calaveras,2021-01-05,41,679,10,557,31,122,0,0,35,678,8,9,40,687,California
Calaveras,2021-01-06,109,788,30,587,79,201,0,0,99,767,10,19,99,786,California
Calaveras,2021-01-07,104,892,25,612,79,280,0,0,92,849,11,30,93,879,California
Calaveras,2021-01-08,69,961,38,650,31,311,0,0,46,873,23,53,47,926,California
Calaveras,2021-01-09,5,966,5,655,0,311,0,0,2,872,3,56,2,928,California
Calaveras,2021-01-10,2,968,0,655,2,313,0,0,2,874,0,56,2,930,California
Calaveras,2021-01-11,65,1033,59,714,6,319,0,0,28,867,36,92,29,959,California
Calaveras,2021-01-12,86,1119,53,767,33,352,0,0,53,888,33,125,54,1013,California
Calaveras,2021-01-13,107,1226,43,810,64,416,0,0,74,930,33,158,75,1088,California
Calaveras,2021-01-14,135,1361,41,851,94,510,0,0,102,1000,32,190,102,1190,California
Calaveras,2021-01-15,113,1474,51,902,62,572,0,0,87,1061,26,216,87,1277,California
Calaveras,2021-01-16,12,1486,2,904,10,582,0,0,11,1071,1,217,11,1288,California
Calaveras,2021-01-17,10,1496,1,905,9,591,0,0,10,1081,0,217,10,1298,California
Calaveras,2021-01-18,132,1628,20,925,112,703,0,0,119,1190,13,230,122,1420,California
Calaveras,2021-01-19,205,1833,175,1100,30,733,0,0,62,1112,141,371,63,1483,California
Calaveras,2021-01-20,393,2226,81,1181,312,1045,0,0,309,1346,83,454,317,1800,California
Calaveras,2021-01-21,462,2688,40,1221,422,1467,0,0,435,1760,27,481,441,2241,California
Calaveras,2021-01-22,432,3120,23,1244,409,1876,0,0,422,2179,10,491,429,2670,California
Calaveras,2021-01-23,22,3142,10,1254,12,1888,0,0,18,2193,4,495,18,2688,California
Calaveras,2021-01-24,14,3156,8,1262,6,1894,0,0,12,2203,2,497,12,2700,California
Calaveras,2021-01-25,121,3277,7,1269,114,2008,0,0,116,2314,5,502,116,2816,California
Calaveras,2021-01-26,49,3326,18,1287,31,2039,0,0,38,2341,11,513,38,2854,California
Calaveras,2021-01-27,161,3487,44,1331,117,2156,0,0,134,2449,26,539,134,2988,California
Calaveras,2021-01-28,164,3651,22,1353,142,2298,0,0,141,2570,23,562,144,3132,California
Calaveras,2021-01-29,445,4096,33,1386,412,2710,0,0,423,2979,22,584,431,3563,California
Calaveras,2021-01-30,28,4124,10,1396,18,2728,0,0,26,3005,0,584,26,3589,California
Calaveras,2021-01-31,5,4129,3,1399,2,2730,0,0,4,3008,1,585,4,3593,California
Calaveras,2021-02-01,53,4182,41,1440,12,2742,0,0,34,3023,19,604,34,3627,California
Calaveras,2021-02-02,110,4292,24,1464,86,2828,0,0,72,3062,34,638,73,3700,California
Calaveras,2021-02-03,438,4730,43,1507,395,3223,0,0,354,3334,83,721,355,4055,California
Calaveras,2021-02-04,376,5106,23,1530,353,3576,0,0,295,3548,81,802,295,4350,California
Calaveras,2021-02-05,80,5186,23,1553,57,3633,0,0,41,3551,39,841,42,4392,California
Calaveras,2021-02-06,22,5208,13,1566,9,3642,0,0,22,3573,0,841,22,4414,California
Calaveras,2021-02-07,4,5212,1,1567,3,3645,0,0,2,3573,2,843,2,4416,California
Calaveras,2021-02-08,39,5251,18,1585,21,3666,0,0,31,3598,6,849,31,4447,California
Calaveras,2021-02-09,207,5458,92,1677,115,3781,0,0,146,3689,55,904,146,4593,California
Calaveras,2021-02-10,505,5963,28,1705,477,4258,0,0,439,4063,66,970,440,5033,California
Calaveras,2021-02-11,578,6541,77,1782,501,4759,0,0,471,4430,105,1075,472,5505,California
Calaveras,2021-02-12,568,7109,325,2107,243,5002,0,0,494,4852,73,1148,495,6000,California
Calaveras,2021-02-13,192,7301,37,2144,155,5157,0,0,177,5014,15,1163,177,6177,California
Calaveras,2021-02-14,221,7522,71,2215,150,5307,0,0,206,5205,15,1178,206,6383,California
Calaveras,2021-02-15,379,7901,22,2237,357,5664,0,0,262,5353,114,1292,262,6645,California
Calaveras,2021-02-16,300,8201,174,2411,126,5790,0,0,243,5539,57,1349,243,6888,California
Calaveras,2021-02-17,526,8727,37,2448,489,6279,0,0,211,5443,308,1657,212,7100,California
Calaveras,2021-02-18,496,9223,90,2538,406,6685,0,0,98,5153,388,2045,98,7198,California
Calaveras,2021-02-19,438,9661,43,2581,395,7080,0,0,97,4919,331,2376,97,7295,California
Calaveras,2021-02-20,59,9720,15,2596,44,7124,0,0,48,4956,11,2387,48,7343,California
Calaveras,2021-02-21,21,9741,13,2609,8,7132,0,0,18,4971,3,2390,18,7361,California
Calaveras,2021-02-22,63,9804,40,2649,23,7155,0,0,33,4974,30,2420,33,7394,California
Calaveras,2021-02-23,150,9954,68,2717,82,7237,0,0,101,5027,49,2469,102,7496,California
Calaveras,2021-02-24,96,10050,47,2764,49,7286,0,0,65,5062,30,2499,65,7561,California
Calaveras,2021-02-25,551,10601,98,2862,453,7739,0,0,361,5236,187,2686,361,7922,California
Calaveras,2021-02-26,719,11320,45,2907,674,8413,0,0,370,5274,334,3020,372,8294,California
Calaveras,2021-02-27,203,11523,22,2929,181,8594,0,0,179,5429,24,3044,179,8473,California
Calaveras,2021-02-28,95,11618,15,2944,80,8674,0,0,91,5516,4,3048,91,8564,California
Calaveras,2021-03-01,276,11894,61,3005,215,8889,0,0,149,5540,126,3174,150,8714,California
Calaveras,2021-03-02,242,12136,92,3097,150,9039,0,0,201,5702,40,3214,202,8916,California
Calaveras,2021-03-03,505,12641,102,3199,403,9442,0,0,212,5623,291,3505,212,9128,California
Calaveras,2021-03-04,763,13404,59,3258,703,10145,1,1,349,5565,410,3915,352,9480,California
Calaveras,2021-03-05,456,13860,270,3528,181,10326,5,6,141,5398,313,4228,146,9626,California
Calaveras,2021-03-06,155,14015,43,3571,106,10432,6,12,121,5491,34,4262,127,9753,California
Calaveras,2021-03-07,76,14091,32,3603,36,10468,8,20,34,5492,42,4304,43,9796,California
Calaveras,2021-03-08,159,14250,25,3628,126,10594,8,28,125,5592,33,4337,133,9929,California
Calaveras,2021-03-09,375,14625,151,3779,218,10812,6,34,38,5302,334,4671,44,9973,California
Calaveras,2021-03-10,411,15036,24,3803,384,11196,3,37,54,5004,355,5026,57,10030,California
Calaveras,2021-03-11,840,15876,413,4216,414,11610,13,50,426,5031,412,5438,439,10469,California
Calaveras,2021-03-12,395,16271,210,4426,174,11784,11,61,324,5299,71,5509,339,10808,California
Calaveras,2021-03-13,176,16447,16,4442,152,11936,8,69,146,5424,31,5540,156,10964,California
Calaveras,2021-03-14,155,16602,10,4452,144,12080,1,70,17,5311,138,5678,25,10989,California
Calaveras,2021-03-15,330,16932,47,4499,257,12337,26,96,53,5117,277,5955,83,11072,California
Calaveras,2021-03-16,708,17640,573,5072,115,12452,20,116,553,5536,154,6109,573,11645,California
Calaveras,2021-03-17,278,17918,52,5124,213,12665,13,129,51,5376,225,6334,65,11710,California
Calaveras,2021-03-18,666,18584,571,5695,80,12745,15,144,551,5829,115,6449,568,12278,California
Calaveras,2021-03-19,228,18812,47,5742,108,12853,73,217,56,5788,169,6618,128,12406,California
Calaveras,2021-03-20,81,18893,21,5763,59,12912,1,218,25,5759,56,6674,27,12433,California
Calaveras,2021-03-21,48,18941,31,5794,6,12918,11,229,13,5748,35,6709,24,12457,California
Calaveras,2021-03-22,80,19021,37,5831,22,12940,21,250,26,5741,54,6763,47,12504,California
Calaveras,2021-03-23,303,19324,218,6049,75,13015,10,260,122,5698,175,6938,132,12636,California
Calaveras,2021-03-24,131,19455,49,6098,72,13087,10,270,44,5665,87,7025,54,12690,California
Calaveras,2021-03-25,736,20191,100,6198,633,13720,3,273,443,5821,290,7315,446,13136,California
Calaveras,2021-03-26,423,20614,25,6223,392,14112,6,279,86,5581,334,7649,94,13230,California
Calaveras,2021-03-27,210,20824,18,6241,188,14300,4,283,37,5455,170,7819,44,13274,California
Calaveras,2021-03-28,110,20934,12,6253,96,14396,2,285,8,5365,101,7920,11,13285,California
Calaveras,2021-03-29,174,21108,22,6275,150,14546,2,287,57,5310,116,8036,61,13346,California
Calaveras,2021-03-30,529,21637,31,6306,482,15028,16,303,356,5510,173,8209,373,13719,California
Calaveras,2021-03-31,324,21961,144,6450,170,15198,10,313,159,5515,165,8374,170,13889,California
Calaveras,2021-04-01,680,22641,439,6889,240,15438,1,314,187,5213,492,8866,190,14079,California
Calaveras,2021-04-02,393,23034,232,7121,153,15591,8,322,117,5065,274,9140,126,14205,California
Calaveras,2021-04-03,141,23175,30,7151,107,15698,4,326,39,5006,102,9242,43,14248,California
Calaveras,2021-04-04,78,23253,25,7176,53,15751,0,326,50,5028,28,9270,50,14298,California
Calaveras,2021-04-05,218,23471,89,7265,120,15871,9,335,101,5022,117,9387,111,14409,California
Calaveras,2021-04-06,650,24121,575,7840,61,15932,14,349,108,4605,539,9926,122,14531,California
Calaveras,2021-04-07,752,24873,653,8493,63,15995,36,385,615,5120,137,10063,652,15183,California
Calaveras,2021-04-08,944,25817,856,9349,68,16063,20,405,438,5075,505,10568,460,15643,California
Calaveras,2021-04-09,147,25964,57,9406,45,16108,45,450,55,5084,92,10660,101,15744,California
Calaveras,2021-04-10,189,26153,43,9449,129,16237,17,467,149,5211,40,10700,167,15911,California
Calaveras,2021-04-11,67,26220,43,9492,22,16259,2,469,46,5238,21,10721,48,15959,California
Calaveras,2021-04-12,101,26321,49,9541,38,16297,14,483,57,5266,44,10765,72,16031,California
Calaveras,2021-04-13,464,26785,408,9949,56,16353,0,483,396,5598,66,10831,398,16429,California
Calaveras,2021-04-14,168,26953,21,9970,147,16500,0,483,128,5687,40,10871,129,16558,California
Calaveras,2021-04-15,335,27288,290,10260,45,16545,0,483,250,5857,81,10952,251,16809,California
Calaveras,2021-04-16,48,27336,10,10270,38,16583,0,483,22,5857,22,10974,22,16831,California
Colusa,2020-12-18,1,1,1,1,0,0,0,0,1,1,0,0,1,1,California
Colusa,2020-12-21,2,3,2,3,0,0,0,0,2,3,0,0,2,3,California
Colusa,2020-12-22,10,13,10,13,0,0,0,0,10,13,0,0,10,13,California
Colusa,2020-12-23,10,23,10,23,0,0,0,0,10,23,0,0,10,23,California
Colusa,2020-12-24,2,25,1,24,1,1,0,0,2,25,0,0,2,25,California
Colusa,2020-12-27,1,26,1,25,0,1,0,0,1,26,0,0,1,26,California
Colusa,2020-12-28,7,33,3,28,4,5,0,0,7,33,0,0,7,33,California
Colusa,2020-12-29,11,44,8,36,3,8,0,0,11,44,0,0,11,44,California
Colusa,2020-12-30,50,94,13,49,37,45,0,0,50,94,0,0,50,94,California
Colusa,2020-12-31,18,112,1,50,17,62,0,0,18,112,0,0,18,112,California
Colusa,2021-01-04,4,116,0,50,4,66,0,0,4,116,0,0,4,116,California
Colusa,2021-01-05,67,183,1,51,66,132,0,0,67,183,0,0,67,183,California
Colusa,2021-01-06,15,198,9,60,6,138,0,0,15,198,0,0,15,198,California
Colusa,2021-01-07,38,236,4,64,34,172,0,0,37,234,1,1,37,235,California
Colusa,2021-01-08,9,245,7,71,2,174,0,0,8,241,1,2,8,243,California
Colusa,2021-01-09,2,247,1,72,1,175,0,0,2,243,0,2,2,245,California
Colusa,2021-01-10,1,248,0,72,1,176,0,0,1,244,0,2,1,246,California
Colusa,2021-01-11,12,260,6,78,6,182,0,0,7,246,5,7,7,253,California
Colusa,2021-01-12,11,271,9,87,2,184,0,0,6,247,5,12,6,259,California
Colusa,2021-01-13,21,292,13,100,8,192,0,0,13,252,8,20,13,272,California
Colusa,2021-01-14,35,327,28,128,7,199,0,0,33,283,2,22,33,305,California
Colusa,2021-01-15,41,368,5,133,36,235,0,0,39,320,2,24,39,344,California
Colusa,2021-01-16,12,380,1,134,11,246,0,0,11,330,1,25,11,355,California
Colusa,2021-01-17,3,383,2,136,1,247,0,0,2,331,1,26,2,357,California
Colusa,2021-01-18,4,387,0,136,4,251,0,0,4,335,0,26,4,361,California
Colusa,2021-01-19,9,396,8,144,1,252,0,0,5,336,4,30,5,366,California
Colusa,2021-01-20,115,511,101,245,14,266,0,0,102,425,13,43,102,468,California
Colusa,2021-01-21,56,567,41,286,15,281,0,0,55,479,1,44,55,523,California
Colusa,2021-01-22,40,607,17,303,23,304,0,0,35,509,5,49,35,558,California
Colusa,2021-01-23,35,642,6,309,29,333,0,0,35,544,0,49,35,593,California
Colusa,2021-01-25,7,649,0,309,7,340,0,0,7,551,0,49,7,600,California
Colusa,2021-01-26,8,657,5,314,3,343,0,0,5,553,3,52,5,605,California
Colusa,2021-01-27,107,764,31,345,76,419,0,0,105,656,2,54,105,710,California
Colusa,2021-01-28,79,843,46,391,33,452,0,0,72,721,7,61,72,782,California
Colusa,2021-01-29,40,883,7,398,33,485,0,0,39,759,1,62,39,821,California
Colusa,2021-01-30,27,910,4,402,23,508,0,0,27,786,0,62,27,848,California
Colusa,2021-01-31,7,917,7,409,0,508,0,0,7,793,0,62,7,855,California
Colusa,2021-02-01,27,944,10,419,17,525,0,0,22,810,5,67,22,877,California
Colusa,2021-02-02,42,986,8,427,34,559,0,0,36,840,6,73,36,913,California
Colusa,2021-02-03,69,1055,10,437,59,618,0,0,59,889,10,83,59,972,California
Colusa,2021-02-04,143,1198,81,518,62,680,0,0,115,976,28,111,115,1087,California
Colusa,2021-02-05,32,1230,8,526,24,704,0,0,29,1002,3,114,29,1116,California
Colusa,2021-02-06,284,1514,8,534,276,980,0,0,273,1264,11,125,273,1389,California
Colusa,2021-02-07,2,1516,1,535,1,981,0,0,0,1262,2,127,0,1389,California
Colusa,2021-02-08,40,1556,5,540,35,1016,0,0,37,1296,3,130,37,1426,California
Colusa,2021-02-09,231,1787,14,554,217,1233,0,0,176,1417,55,185,176,1602,California
Colusa,2021-02-10,116,1903,41,595,75,1308,0,0,73,1447,43,228,73,1675,California
Colusa,2021-02-11,97,2000,36,631,61,1369,0,0,72,1494,25,253,72,1747,California
Colusa,2021-02-12,118,2118,9,640,109,1478,0,0,80,1535,39,292,80,1827,California
Colusa,2021-02-13,60,2178,8,648,52,1530,0,0,52,1579,8,300,52,1879,California
Colusa,2021-02-14,20,2198,8,656,12,1542,0,0,14,1587,6,306,14,1893,California
Colusa,2021-02-15,45,2243,10,666,35,1577,0,0,38,1618,7,313,38,1931,California
Colusa,2021-02-16,67,2310,4,670,63,1640,0,0,66,1683,1,314,66,1997,California
Colusa,2021-02-17,206,2516,143,813,63,1703,0,0,60,1597,146,460,60,2057,California
Colusa,2021-02-18,135,2651,35,848,100,1803,0,0,112,1686,23,483,112,2169,California
Colusa,2021-02-19,155,2806,19,867,136,1939,0,0,129,1789,26,509,129,2298,California
Colusa,2021-02-20,28,2834,6,873,22,1961,0,0,12,1785,16,525,12,2310,California
Colusa,2021-02-21,1,2835,1,874,0,1961,0,0,0,1784,1,526,0,2310,California
Colusa,2021-02-22,43,2878,26,900,17,1978,0,0,29,1799,14,540,29,2339,California
Colusa,2021-02-23,22,2900,6,906,16,1994,0,0,18,1813,4,544,18,2357,California
Colusa,2021-02-24,300,3200,54,960,246,2240,0,0,158,1829,142,686,158,2515,California
Colusa,2021-02-25,101,3301,54,1014,47,2287,0,0,66,1860,35,721,66,2581,California
Colusa,2021-02-26,96,3397,12,1026,84,2371,0,0,58,1880,38,759,58,2639,California
Colusa,2021-02-27,55,3452,4,1030,51,2422,0,0,40,1905,15,774,40,2679,California
Colusa,2021-02-28,26,3478,14,1044,12,2434,0,0,18,1915,8,782,18,2697,California
Colusa,2021-03-01,46,3524,15,1059,31,2465,0,0,29,1927,17,799,29,2726,California
Colusa,2021-03-02,47,3571,13,1072,34,2499,0,0,24,1928,23,822,24,2750,California
Colusa,2021-03-03,237,3808,38,1110,199,2698,0,0,180,2051,57,879,180,2930,California
Colusa,2021-03-04,136,3944,58,1168,78,2776,0,0,80,2075,56,935,80,3010,California
Colusa,2021-03-05,98,4042,25,1193,64,2840,9,9,53,2092,45,980,62,3072,California
Colusa,2021-03-06,274,4316,9,1202,265,3105,0,9,37,1892,237,1217,37,3109,California
Colusa,2021-03-07,8,4324,5,1207,3,3108,0,9,6,1896,2,1219,6,3115,California
Colusa,2021-03-08,88,4412,20,1227,33,3141,35,44,44,1931,44,1263,79,3194,California
Colusa,2021-03-09,272,4684,70,1297,179,3320,23,67,83,1848,189,1452,106,3300,California
Colusa,2021-03-10,287,4971,35,1332,216,3536,36,103,201,1999,86,1538,237,3537,California
Colusa,2021-03-11,415,5386,57,1389,337,3873,21,124,333,2270,82,1620,353,3890,California
Colusa,2021-03-12,110,5496,18,1407,79,3952,13,137,19,2211,91,1711,32,3922,California
Colusa,2021-03-13,61,5557,16,1423,36,3988,9,146,18,2195,43,1754,27,3949,California
Colusa,2021-03-14,20,5577,0,1423,18,4006,2,148,6,2190,13,1767,8,3957,California
Colusa,2021-03-15,68,5645,26,1449,34,4040,8,156,13,2156,55,1822,21,3978,California
Colusa,2021-03-16,292,5937,15,1464,231,4271,46,202,185,2280,107,1929,231,4209,California
Colusa,2021-03-17,194,6131,49,1513,145,4416,0,202,110,2306,84,2013,110,4319,California
Colusa,2021-03-18,319,6450,33,1546,215,4631,71,273,196,2450,123,2136,267,4586,California
Colusa,2021-03-19,77,6527,20,1566,55,4686,2,275,54,2483,23,2159,56,4642,California
Colusa,2021-03-20,48,6575,7,1573,40,4726,1,276,35,2506,13,2172,36,4678,California
Colusa,2021-03-21,6,6581,4,1577,2,4728,0,276,4,2508,2,2174,4,4682,California
Colusa,2021-03-22,63,6644,10,1587,44,4772,9,285,41,2536,22,2196,50,4732,California
Colusa,2021-03-23,81,6725,16,1603,63,4835,2,287,54,2565,27,2223,56,4788,California
Colusa,2021-03-24,334,7059,56,1659,272,5107,6,293,69,2374,265,2488,74,4862,California
Colusa,2021-03-25,107,7166,59,1718,43,5150,5,298,50,2372,57,2545,55,4917,California
Colusa,2021-03-26,297,7463,46,1764,247,5397,4,302,244,2567,53,2598,248,5165,California
Colusa,2021-03-27,62,7525,5,1769,57,5454,0,302,24,2553,38,2636,24,5189,California
Colusa,2021-03-28,15,7540,6,1775,9,5463,0,302,7,2552,8,2644,7,5196,California
Colusa,2021-03-29,68,7608,19,1794,44,5507,5,307,30,2549,38,2682,35,5231,California
Colusa,2021-03-30,147,7755,78,1872,67,5574,2,309,77,2558,70,2752,79,5310,California
Colusa,2021-03-31,226,7981,35,1907,191,5765,0,309,72,2477,153,2905,72,5382,California
Colusa,2021-04-01,420,8401,64,1971,301,6066,55,364,299,2711,120,3025,354,5736,California
Colusa,2021-04-02,81,8482,14,1985,54,6120,13,377,39,2721,42,3067,52,5788,California
Colusa,2021-04-03,62,8544,10,1995,29,6149,23,400,14,2710,48,3115,37,5825,California
Colusa,2021-04-04,18,8562,0,1995,8,6157,10,410,3,2708,15,3130,13,5838,California
Colusa,2021-04-05,95,8657,25,2020,55,6212,15,425,39,2706,56,3186,54,5892,California
Colusa,2021-04-06,128,8785,33,2053,45,6257,50,475,43,2714,85,3271,93,5985,California
Colusa,2021-04-07,356,9141,40,2093,293,6550,23,498,132,2646,224,3495,156,6141,California
Colusa,2021-04-08,427,9568,33,2126,366,6916,28,526,121,2492,303,3798,149,6290,California
Colusa,2021-04-09,75,9643,20,2146,32,6948,23,549,28,2496,47,3845,51,6341,California
Colusa,2021-04-10,45,9688,9,2155,16,6964,20,569,13,2497,32,3877,33,6374,California
Colusa,2021-04-11,15,9703,2,2157,11,6975,2,571,7,2498,8,3885,9,6383,California
Colusa,2021-04-12,31,9734,3,2160,28,7003,0,571,24,2515,7,3892,24,6407,California
Colusa,2021-04-13,278,10012,22,2182,256,7259,0,571,94,2426,183,4075,94,6501,California
Colusa,2021-04-14,90,10102,18,2200,72,7331,0,571,31,2398,59,4134,31,6532,California
Colusa,2021-04-15,301,10403,37,2237,264,7595,0,571,117,2332,184,4318,118,6650,California
Colusa,2021-04-16,50,10453,7,2244,43,7638,0,571,13,2308,37,4355,13,6663,California
Contra Costa,2020-12-15,18,18,18,18,0,0,0,0,18,18,0,0,18,18,California
Contra Costa,2020-12-16,522,540,522,540,0,0,0,0,522,540,0,0,522,540,California
Contra Costa,2020-12-17,908,1448,908,1448,0,0,0,0,908,1448,0,0,908,1448,California
Contra Costa,2020-12-18,1590,3038,1589,3037,1,1,0,0,1590,3038,0,0,1590,3038,California
Contra Costa,2020-12-19,1102,4140,1101,4138,1,2,0,0,1102,4140,0,0,1102,4140,California
Contra Costa,2020-12-20,583,4723,582,4720,1,3,0,0,583,4723,0,0,583,4723,California
Contra Costa,2020-12-21,1652,6375,1650,6370,2,5,0,0,1652,6375,0,0,1652,6375,California
Contra Costa,2020-12-22,1667,8042,1563,7933,104,109,0,0,1667,8042,0,0,1667,8042,California
Contra Costa,2020-12-23,1579,9621,1333,9266,246,355,0,0,1579,9621,0,0,1579,9621,California
Contra Costa,2020-12-24,654,10275,336,9602,318,673,0,0,654,10275,0,0,654,10275,California
Contra Costa,2020-12-25,39,10314,17,9619,22,695,0,0,39,10314,0,0,39,10314,California
Contra Costa,2020-12-26,640,10954,131,9750,509,1204,0,0,640,10954,0,0,640,10954,California
Contra Costa,2020-12-27,240,11194,86,9836,154,1358,0,0,240,11194,0,0,240,11194,California
Contra Costa,2020-12-28,1828,13022,861,10697,967,2325,0,0,1828,13022,0,0,1828,13022,California
Contra Costa,2020-12-29,1824,14846,824,11521,1000,3325,0,0,1824,14846,0,0,1824,14846,California
Contra Costa,2020-12-30,2389,17235,1213,12734,1176,4501,0,0,2388,17234,0,0,2388,17234,California
Contra Costa,2020-12-31,911,18146,307,13041,604,5105,0,0,910,18144,0,0,910,18144,California
Contra Costa,2021-01-01,58,18204,23,13064,35,5140,0,0,58,18202,0,0,58,18202,California
Contra Costa,2021-01-02,331,18535,172,13236,159,5299,0,0,331,18533,0,0,331,18533,California
Contra Costa,2021-01-03,175,18710,117,13353,58,5357,0,0,174,18707,0,0,174,18707,California
Contra Costa,2021-01-04,1895,20605,1246,14599,649,6006,0,0,1874,20562,19,19,1874,20581,California
Contra Costa,2021-01-05,2093,22698,1255,15854,838,6844,0,0,1834,22139,258,277,1835,22416,California
Contra Costa,2021-01-06,3265,25963,2239,18093,1026,7870,0,0,2505,23893,754,1031,2508,24924,California
Contra Costa,2021-01-07,3082,29045,2053,20146,1029,8899,0,0,1871,24556,1208,2239,1871,26795,California
Contra Costa,2021-01-08,3374,32419,2384,22530,990,9889,0,0,1813,24817,1555,3794,1816,28611,California
Contra Costa,2021-01-09,1584,34003,1133,23663,451,10340,0,0,748,24732,835,4629,750,29361,California
Contra Costa,2021-01-10,359,34362,286,23949,73,10413,0,0,150,24673,209,4838,150,29511,California
Contra Costa,2021-01-11,3834,38196,3119,27068,715,11128,0,0,2231,25303,1603,6441,2233,31744,California
Contra Costa,2021-01-12,3903,42099,2929,29997,974,12102,0,0,2579,26560,1324,7765,2581,34325,California
Contra Costa,2021-01-13,4664,46763,2880,32877,1784,13886,0,0,3731,29362,929,8694,3731,38056,California
Contra Costa,2021-01-14,4297,51060,1552,34429,2745,16631,0,0,3914,32893,383,9077,3914,41970,California
Contra Costa,2021-01-15,5317,56377,2453,36882,2864,19495,0,0,4994,37569,322,9399,4998,46968,California
Contra Costa,2021-01-16,1708,58085,549,37431,1159,20654,0,0,1633,39127,75,9474,1633,48601,California
Contra Costa,2021-01-17,1632,59717,971,38402,661,21315,0,0,1510,40518,122,9596,1513,50114,California
Contra Costa,2021-01-18,3183,62900,1250,39652,1933,23248,0,0,2560,42462,617,10213,2561,52675,California
Contra Costa,2021-01-19,7053,69953,3155,42807,3898,27146,0,0,6051,47519,999,11212,6056,58731,California
Contra Costa,2021-01-20,6597,76550,4046,46853,2551,29697,0,0,5368,51667,1225,12437,5373,64104,California
Contra Costa,2021-01-21,6950,83500,3087,49940,3863,33560,0,0,6229,57187,716,13153,6236,70340,California
Contra Costa,2021-01-22,6357,89857,2696,52636,3661,37221,0,0,5501,61845,846,13999,5504,75844,California
Contra Costa,2021-01-23,2022,91879,357,52993,1665,38886,0,0,1765,63357,255,14254,1767,77611,California
Contra Costa,2021-01-24,1579,93458,218,53211,1361,40247,0,0,1434,64650,145,14399,1438,79049,California
Contra Costa,2021-01-25,6637,100095,3013,56224,3624,43871,0,0,5078,68174,1557,15956,5081,84130,California
Contra Costa,2021-01-26,8047,108142,4659,60883,3388,47259,0,0,6219,72575,1820,17776,6221,90351,California
Contra Costa,2021-01-27,8218,116360,5480,66363,2738,49997,0,0,6331,77105,1805,19581,6335,96686,California
Contra Costa,2021-01-28,7381,123741,4053,70416,3328,53325,0,0,5790,81314,1585,21166,5794,102480,California
Contra Costa,2021-01-29,7420,131161,3877,74293,3543,56868,0,0,6116,86131,1301,22467,6118,108598,California
Contra Costa,2021-01-30,2079,133240,595,74888,1484,58352,0,0,1714,87487,358,22825,1714,110312,California
Contra Costa,2021-01-31,699,133939,480,75368,219,58571,0,0,572,87935,124,22949,572,110884,California
Contra Costa,2021-02-01,5511,139450,3759,79127,1752,60323,0,0,3886,90204,1620,24569,3889,114773,California
Contra Costa,2021-02-02,7743,147193,5273,84400,2470,62793,0,0,5895,94254,1846,26415,5896,120669,California
Contra Costa,2021-02-03,8261,155454,5455,89855,2806,65599,0,0,5630,97264,2621,29036,5631,126300,California
Contra Costa,2021-02-04,7435,162889,3531,93386,3904,69503,0,0,5723,101280,1709,30745,5725,132025,California
Contra Costa,2021-02-05,8420,171309,4819,98205,3601,73104,0,0,5721,104309,2692,33437,5721,137746,California
Contra Costa,2021-02-06,3461,174770,2150,100355,1311,74415,0,0,2814,106478,646,34083,2815,140561,California
Contra Costa,2021-02-07,977,175747,706,101061,271,74686,0,0,602,106706,374,34457,602,141163,California
Contra Costa,2021-02-08,5794,181541,3433,104494,2361,77047,0,0,4323,109564,1466,35923,4324,145487,California
Contra Costa,2021-02-09,8632,190173,4759,109253,3873,80920,0,0,5754,112446,2873,38796,5755,151242,California
Contra Costa,2021-02-10,8598,198771,4641,113894,3957,84877,0,0,5400,114667,3183,41979,5404,156646,California
Contra Costa,2021-02-11,9218,207989,4195,118089,5023,89900,0,0,5251,115961,3961,45940,5255,161901,California
Contra Costa,2021-02-12,10052,218041,4604,122693,5448,95348,0,0,5453,116824,4593,50533,5456,167357,California
Contra Costa,2021-02-13,4863,222904,1359,124052,3504,98852,0,0,3399,118763,1461,51994,3400,170757,California
Contra Costa,2021-02-14,2084,224988,863,124915,1221,100073,0,0,1223,119126,860,52854,1223,171980,California
Contra Costa,2021-02-15,4437,229425,2461,127376,1976,102049,0,0,2349,119394,2082,54936,2350,174330,California
Contra Costa,2021-02-16,10399,239824,4897,132273,5502,107551,0,0,4635,118275,5757,60693,4638,178968,California
Contra Costa,2021-02-17,12255,252079,6113,138386,6142,113693,0,0,5619,117272,6622,67315,5619,184587,California
Contra Costa,2021-02-18,11432,263511,5944,144330,5488,119181,0,0,5309,116471,6112,73427,5311,189898,California
Contra Costa,2021-02-19,11385,274896,7098,151428,4287,123468,0,0,5168,115437,6203,79630,5169,195067,California
Contra Costa,2021-02-20,6432,281328,2885,154313,3547,127015,0,0,4563,118149,1853,81483,4565,199632,California
Contra Costa,2021-02-21,1792,283120,1246,155559,546,127561,0,0,1079,118516,712,82195,1079,200711,California
Contra Costa,2021-02-22,7518,290638,5089,160648,2429,129990,0,0,3457,117924,4051,86246,3459,204170,California
Contra Costa,2021-02-23,11863,302501,7234,167882,4629,134619,0,0,5903,117884,5947,92193,5907,210077,California
Contra Costa,2021-02-24,10452,312953,7665,175547,2787,137406,0,0,5034,117518,5402,97595,5036,215113,California
Contra Costa,2021-02-25,11432,324385,7199,182746,4233,141639,0,0,5191,116491,6222,103817,5195,220308,California
Contra Costa,2021-02-26,10671,335056,6728,189474,3943,145582,0,0,5288,116411,5369,109186,5289,225597,California
Contra Costa,2021-02-27,6605,341661,4200,193674,2405,147987,0,0,4101,118015,2498,111684,4102,229699,California
Contra Costa,2021-02-28,3782,345443,3114,196788,668,148655,0,0,3187,120611,592,112276,3188,232887,California
Contra Costa,2021-03-01,8080,353523,6073,202861,2006,150661,1,1,4962,122471,3105,115381,4965,237852,California
Contra Costa,2021-03-02,10091,363614,6295,209156,3795,154456,1,2,5229,122854,4847,120228,5230,243082,California
Contra Costa,2021-03-03,11059,374673,6902,216058,4156,158612,1,3,6158,124128,4886,125114,6160,249242,California
Contra Costa,2021-03-04,11836,386509,7057,223115,4779,163391,0,3,6127,124564,5691,130805,6127,255369,California
Contra Costa,2021-03-05,11197,397706,6654,229769,4538,167929,5,8,6368,126122,4815,135620,6373,261742,California
Contra Costa,2021-03-06,7268,404974,3989,233758,2971,170900,308,316,4700,128572,2556,138176,5006,266748,California
Contra Costa,2021-03-07,3604,408578,2260,236018,1285,172185,59,375,2932,130892,671,138847,2991,269739,California
Contra Costa,2021-03-08,8028,416606,3748,239766,3977,176162,303,678,5351,133884,2666,141513,5658,275397,California
Contra Costa,2021-03-09,10148,426754,4978,244744,4877,181039,293,971,5020,134076,5122,146635,5314,280711,California
Contra Costa,2021-03-10,12091,438845,5949,250693,4653,185692,1489,2460,5461,134398,6623,153258,6945,287656,California
Contra Costa,2021-03-11,12444,451289,6556,257249,5329,191021,559,3019,6354,135244,6070,159328,6916,294572,California
Contra Costa,2021-03-12,12500,463789,5121,262370,6839,197860,540,3559,6249,135797,6236,165564,6789,301361,California
Contra Costa,2021-03-13,7724,471513,3065,265435,4240,202100,419,3978,3064,134631,4643,170207,3477,304838,California
Contra Costa,2021-03-14,4338,475851,2542,267977,1312,203412,484,4462,2077,134935,2256,172463,2560,307398,California
Contra Costa,2021-03-15,9362,485213,5051,273028,3559,206971,752,5214,4750,135839,4598,177061,5502,312900,California
Contra Costa,2021-03-16,14230,499443,8450,281478,5385,212356,395,5609,7261,136546,6949,184010,7656,320556,California
Contra Costa,2021-03-17,14960,514403,10325,291803,4425,216781,210,5819,8567,138955,6373,190383,8782,329338,California
Contra Costa,2021-03-18,15341,529744,8525,300328,6336,223117,480,6299,8783,141684,6532,196915,9261,338599,California
Contra Costa,2021-03-19,15471,545215,8867,309195,5216,228333,1388,7687,8297,144211,7162,204077,9689,348288,California
Contra Costa,2021-03-20,10585,555800,6325,315520,3958,232291,302,7989,5222,144387,5347,209424,5523,353811,California
Contra Costa,2021-03-21,4434,560234,3879,319399,470,232761,85,8074,2088,144218,2341,211765,2172,355983,California
Contra Costa,2021-03-22,11498,571732,8665,328064,2585,235346,248,8322,7076,147131,4410,216175,7323,363306,California
Contra Costa,2021-03-23,15577,587309,10726,338790,4681,240027,170,8492,9521,150794,6030,222205,9693,372999,California
Contra Costa,2021-03-24,14892,602201,11627,350417,3053,243080,212,8704,9160,154464,5704,227909,9374,382373,California
Contra Costa,2021-03-25,15146,617347,11807,362224,3068,246148,271,8975,9359,158344,5750,233659,9630,392003,California
Contra Costa,2021-03-26,14880,632227,10673,372897,3812,249960,395,9370,8798,161471,6063,239722,9190,401193,California
Contra Costa,2021-03-27,10393,642620,6731,379628,3154,253114,508,9878,5762,163115,4623,244345,6267,407460,California
Contra Costa,2021-03-28,4117,646737,2914,382542,1150,254264,53,9931,1770,162601,2337,246682,1823,409283,California
Contra Costa,2021-03-29,10828,657565,8463,391005,2251,256515,114,10045,7101,166104,3713,250395,7216,416499,California
Contra Costa,2021-03-30,16711,674276,9110,400115,6248,262763,1353,11398,11064,172884,5633,256028,12413,428912,California
Contra Costa,2021-03-31,17921,692197,12556,412671,3927,266690,1438,12836,11578,179590,6313,262341,13019,441931,California
Contra Costa,2021-04-01,17393,709590,12188,424859,3844,270534,1361,14197,11346,186270,6028,268369,12708,454639,California
Contra Costa,2021-04-02,17346,726936,12825,437684,3519,274053,1002,15199,11563,193063,5774,274143,12567,467206,California
Contra Costa,2021-04-03,10771,737707,6429,444113,2814,276867,1528,16727,6195,196223,4563,278706,7723,474929,California
Contra Costa,2021-04-04,3230,740937,1255,445368,1414,278281,561,17288,845,195248,2381,281087,1406,476335,California
Contra Costa,2021-04-05,12038,752975,7872,453240,3208,281489,958,18246,6603,197385,5425,286512,7562,483897,California
Contra Costa,2021-04-06,17241,770216,11985,465225,2986,284475,2270,20516,9759,201951,7464,293976,12030,495927,California
Contra Costa,2021-04-07,18415,788631,12490,477715,3137,287612,2788,23304,10474,207332,7922,301898,13303,509230,California
Contra Costa,2021-04-08,18570,807201,12447,490162,3234,290846,2889,26193,10029,211723,8518,310416,12909,522139,California
Contra Costa,2021-04-09,18314,825515,11774,501936,4184,295030,2356,28549,9955,215698,8337,318753,12312,534451,California
Contra Costa,2021-04-10,10402,835917,3757,505693,2128,297158,4517,33066,3237,216291,7153,325906,7746,542197,California
Contra Costa,2021-04-11,3314,839231,1985,507678,680,297838,649,33715,1128,215889,2181,328087,1779,543976,California
Contra Costa,2021-04-12,11574,850805,7623,515301,2927,300765,1024,34739,5458,216271,6105,334192,6487,550463,California
Contra Costa,2021-04-13,17494,868299,10630,525931,6859,307624,5,34744,11671,222153,5800,339992,11682,562145,California
Contra Costa,2021-04-14,16817,885116,10510,536441,6307,313931,0,34744,9352,224064,7444,347436,9355,571500,California
Contra Costa,2021-04-15,15778,900894,9876,546317,5902,319833,0,34744,7025,222398,8723,356159,7057,578557,California
Contra Costa,2021-04-16,12557,913451,8223,554540,4332,324165,2,34746,5840,221547,6703,362862,5852,584409,California
Del Norte,2020-12-21,23,23,23,23,0,0,0,0,23,23,0,0,23,23,California
Del Norte,2020-12-22,46,69,46,69,0,0,0,0,46,69,0,0,46,69,California
Del Norte,2020-12-23,58,127,48,117,10,10,0,0,57,126,0,0,57,126,California
Del Norte,2020-12-28,34,161,34,151,0,10,0,0,34,160,0,0,34,160,California
Del Norte,2020-12-29,4,165,4,155,0,10,0,0,4,164,0,0,4,164,California
Del Norte,2020-12-30,67,232,55,210,12,22,0,0,68,232,0,0,68,232,California
Del Norte,2020-12-31,16,248,13,223,3,25,0,0,16,248,0,0,16,248,California
Del Norte,2021-01-04,102,350,49,272,53,78,0,0,102,350,0,0,102,350,California
Del Norte,2021-01-05,33,383,0,272,33,111,0,0,33,383,0,0,33,383,California
Del Norte,2021-01-06,77,460,18,290,59,170,0,0,77,460,0,0,77,460,California
Del Norte,2021-01-07,21,481,1,291,20,190,0,0,21,481,0,0,21,481,California
Del Norte,2021-01-08,77,558,7,298,70,260,0,0,77,558,0,0,77,558,California
Del Norte,2021-01-11,40,598,21,319,19,279,0,0,18,555,22,22,19,577,California
Del Norte,2021-01-12,50,648,32,351,18,297,0,0,29,563,21,43,29,606,California
Del Norte,2021-01-13,85,733,40,391,45,342,0,0,52,582,33,76,52,658,California
Del Norte,2021-01-14,52,785,14,405,38,380,0,0,46,622,6,82,46,704,California
Del Norte,2021-01-15,107,892,18,423,89,469,0,0,95,705,12,94,95,799,California
Del Norte,2021-01-17,1,893,1,424,0,469,0,0,1,706,0,94,1,800,California
Del Norte,2021-01-18,3,896,0,424,3,472,0,0,3,709,0,94,3,803,California
Del Norte,2021-01-19,119,1015,56,480,63,535,0,0,77,744,42,136,77,880,California
Del Norte,2021-01-20,158,1173,84,564,74,609,0,0,96,778,62,198,96,976,California
Del Norte,2021-01-21,43,1216,40,604,3,612,0,0,32,799,11,209,32,1008,California
Del Norte,2021-01-22,19,1235,16,620,3,615,0,0,12,804,7,216,12,1020,California
Del Norte,2021-01-23,1,1236,0,620,1,616,0,0,1,805,0,216,1,1021,California
Del Norte,2021-01-24,1,1237,0,620,1,617,0,0,1,806,0,216,1,1022,California
Del Norte,2021-01-25,97,1334,79,699,18,635,0,0,53,815,44,260,53,1075,California
Del Norte,2021-01-26,18,1352,11,710,7,642,0,0,7,811,11,271,7,1082,California
Del Norte,2021-01-27,64,1416,21,731,43,685,0,0,61,869,3,274,61,1143,California
Del Norte,2021-01-28,291,1707,20,751,271,956,0,0,287,1152,4,278,287,1430,California
Del Norte,2021-01-29,52,1759,19,770,33,989,0,0,42,1184,10,288,42,1472,California
Del Norte,2021-01-30,8,1767,1,771,7,996,0,0,8,1192,0,288,8,1480,California
Del Norte,2021-02-01,41,1808,1,772,40,1036,0,0,26,1203,15,303,26,1506,California
Del Norte,2021-02-02,142,1950,34,806,108,1144,0,0,73,1208,68,371,73,1579,California
Del Norte,2021-02-03,125,2075,40,846,85,1229,0,0,71,1225,54,425,71,1650,California
Del Norte,2021-02-04,72,2147,29,875,43,1272,0,0,42,1237,30,455,42,1692,California
Del Norte,2021-02-05,181,2328,22,897,159,1431,0,0,118,1293,62,517,118,1810,California
Del Norte,2021-02-06,309,2637,6,903,303,1734,0,0,309,1602,0,517,309,2119,California
Del Norte,2021-02-07,2,2639,1,904,1,1735,0,0,2,1604,0,517,2,2121,California
Del Norte,2021-02-08,36,2675,1,905,35,1770,0,0,32,1632,4,521,32,2153,California
Del Norte,2021-02-09,8,2683,5,910,3,1773,0,0,2,1628,6,527,2,2155,California
Del Norte,2021-02-10,143,2826,20,930,123,1896,0,0,86,1658,56,583,86,2241,California
Del Norte,2021-02-11,175,3001,58,988,117,2013,0,0,63,1609,112,695,63,2304,California
Del Norte,2021-02-12,121,3122,14,1002,107,2120,0,0,67,1622,54,749,67,2371,California
Del Norte,2021-02-13,2,3124,1,1003,1,2121,0,0,2,1624,0,749,2,2373,California
Del Norte,2021-02-14,3,3127,1,1004,2,2123,0,0,2,1625,1,750,2,2375,California
Del Norte,2021-02-15,5,3132,0,1004,5,2128,0,0,2,1624,3,753,2,2377,California
Del Norte,2021-02-16,132,3264,1,1005,131,2259,0,0,13,1518,119,872,13,2390,California
Del Norte,2021-02-17,91,3355,20,1025,71,2330,0,0,24,1475,67,939,24,2414,California
Del Norte,2021-02-18,77,3432,24,1049,53,2383,0,0,51,1500,26,965,51,2465,California
Del Norte,2021-02-19,43,3475,17,1066,26,2409,0,0,33,1523,10,975,33,2498,California
Del Norte,2021-02-20,9,3484,6,1072,3,2412,0,0,7,1528,2,977,7,2505,California
Del Norte,2021-02-22,2,3486,0,1072,2,2414,0,0,2,1530,0,977,2,2507,California
Del Norte,2021-02-23,101,3587,83,1155,18,2432,0,0,31,1491,70,1047,31,2538,California
Del Norte,2021-02-24,152,3739,98,1253,54,2486,0,0,79,1497,73,1120,79,2617,California
Del Norte,2021-02-25,474,4213,131,1384,343,2829,0,0,211,1446,262,1382,211,2828,California
Del Norte,2021-02-26,212,4425,176,1560,36,2865,0,0,166,1566,46,1428,166,2994,California
Del Norte,2021-02-27,152,4577,145,1705,6,2871,1,1,141,1697,11,1439,142,3136,California
Del Norte,2021-02-28,4,4581,1,1706,3,2874,0,1,3,1699,1,1440,3,3139,California
Del Norte,2021-03-01,28,4609,2,1708,26,2900,0,1,4,1679,24,1464,4,3143,California
Del Norte,2021-03-02,218,4827,140,1848,78,2978,0,1,185,1831,33,1497,185,3328,California
Del Norte,2021-03-03,159,4986,91,1939,68,3046,0,1,118,1908,41,1538,118,3446,California
Del Norte,2021-03-04,120,5106,83,2022,37,3083,0,1,91,1971,28,1566,91,3537,California
Del Norte,2021-03-05,91,5197,9,2031,82,3165,0,1,43,1966,48,1614,43,3580,California
Del Norte,2021-03-06,439,5636,78,2109,311,3476,50,51,160,1854,279,1893,167,3747,California
Del Norte,2021-03-07,2,5638,1,2110,1,3477,0,51,1,1854,1,1894,1,3748,California
Del Norte,2021-03-08,28,5666,1,2111,25,3502,2,53,5,1838,23,1917,7,3755,California
Del Norte,2021-03-09,194,5860,112,2223,79,3581,3,56,183,2013,11,1928,186,3941,California
Del Norte,2021-03-10,218,6078,97,2320,93,3674,28,84,132,2087,86,2014,160,4101,California
Del Norte,2021-03-11,145,6223,55,2375,90,3764,0,84,102,2146,43,2057,102,4203,California
Del Norte,2021-03-12,177,6400,90,2465,87,3851,0,84,124,2217,53,2110,124,4327,California
Del Norte,2021-03-13,95,6495,94,2559,1,3852,0,84,91,2304,4,2114,91,4418,California
Del Norte,2021-03-14,1,6496,0,2559,1,3853,0,84,1,2304,1,2115,1,4419,California
Del Norte,2021-03-15,39,6535,0,2559,38,3891,1,85,34,2334,5,2120,35,4454,California
Del Norte,2021-03-16,280,6815,136,2695,144,4035,0,85,259,2572,21,2141,259,4713,California
Del Norte,2021-03-17,282,7097,95,2790,185,4220,2,87,168,2628,114,2255,170,4883,California
Del Norte,2021-03-18,285,7382,108,2898,174,4394,3,90,149,2645,135,2390,152,5035,California
Del Norte,2021-03-19,266,7648,159,3057,101,4495,6,96,91,2567,175,2565,97,5132,California
Del Norte,2021-03-20,157,7805,155,3212,2,4497,0,96,15,2440,142,2707,15,5147,California
Del Norte,2021-03-21,4,7809,2,3214,2,4499,0,96,2,2440,2,2709,2,5149,California
Del Norte,2021-03-22,42,7851,3,3217,38,4537,1,97,39,2477,3,2712,40,5189,California
Del Norte,2021-03-23,330,8181,163,3380,149,4686,18,115,160,2487,168,2880,178,5367,California
Del Norte,2021-03-24,392,8573,107,3487,244,4930,41,156,238,2612,154,3034,279,5646,California
Del Norte,2021-03-25,195,8768,91,3578,104,5034,0,156,87,2592,107,3141,87,5733,California
Del Norte,2021-03-26,227,8995,108,3686,119,5153,0,156,194,2753,33,3174,194,5927,California
Del Norte,2021-03-27,108,9103,87,3773,4,5157,17,173,17,2696,91,3265,34,5961,California
Del Norte,2021-03-28,4,9107,2,3775,2,5159,0,173,1,2694,3,3268,1,5962,California
Del Norte,2021-03-29,57,9164,6,3781,34,5193,17,190,32,2718,25,3293,49,6011,California
Del Norte,2021-03-30,334,9498,118,3899,205,5398,11,201,128,2651,206,3499,139,6150,California
Del Norte,2021-03-31,346,9844,100,3999,229,5627,17,218,190,2704,154,3653,207,6357,California
Del Norte,2021-04-01,166,10010,60,4059,72,5699,34,252,71,2715,94,3747,105,6462,California
Del Norte,2021-04-02,233,10243,80,4139,104,5803,49,301,76,2684,157,3904,126,6588,California
Del Norte,2021-04-03,103,10346,82,4221,2,5805,19,320,4,2609,98,4002,23,6611,California
Del Norte,2021-04-04,4,10350,0,4221,0,5805,4,324,0,2609,4,4006,4,6615,California
Del Norte,2021-04-05,53,10403,5,4226,44,5849,4,328,46,2652,7,4013,50,6665,California
Del Norte,2021-04-06,377,10780,119,4345,221,6070,37,365,145,2607,228,4241,183,6848,California
Del Norte,2021-04-07,423,11203,115,4460,249,6319,59,424,284,2812,138,4379,343,7191,California
Del Norte,2021-04-08,231,11434,54,4514,109,6428,68,492,111,2871,120,4499,179,7370,California
Del Norte,2021-04-09,201,11635,48,4562,79,6507,74,566,98,2939,102,4601,170,7540,California
Del Norte,2021-04-10,48,11683,27,4589,4,6511,17,583,27,2962,21,4622,44,7584,California
Del Norte,2021-04-11,12,11695,3,4592,2,6513,7,590,2,2961,10,4632,9,7593,California
Del Norte,2021-04-12,28,11723,1,4593,9,6522,18,608,1,2954,26,4658,19,7612,California
Del Norte,2021-04-13,296,12019,49,4642,247,6769,0,608,155,2968,141,4799,155,7767,California
Del Norte,2021-04-14,305,12324,22,4664,283,7052,0,608,133,2934,172,4971,138,7905,California
Del Norte,2021-04-15,158,12482,35,4699,123,7175,0,608,47,2871,111,5082,48,7953,California
Del Norte,2021-04-16,108,12590,5,4704,103,7278,0,608,29,2822,79,5161,30,7983,California
El Dorado,2020-12-15,12,12,12,12,0,0,0,0,12,12,0,0,12,12,California
El Dorado,2020-12-16,40,52,40,52,0,0,0,0,40,52,0,0,40,52,California
El Dorado,2020-12-17,30,82,30,82,0,0,0,0,30,82,0,0,30,82,California
El Dorado,2020-12-18,236,318,236,318,0,0,0,0,236,318,0,0,236,318,California
El Dorado,2020-12-19,116,434,116,434,0,0,0,0,116,434,0,0,116,434,California
El Dorado,2020-12-20,85,519,85,519,0,0,0,0,85,519,0,0,85,519,California
El Dorado,2020-12-21,307,826,306,825,1,1,0,0,307,826,0,0,307,826,California
El Dorado,2020-12-22,238,1064,214,1039,24,25,0,0,238,1064,0,0,238,1064,California
El Dorado,2020-12-23,189,1253,139,1178,50,75,0,0,189,1253,0,0,189,1253,California
El Dorado,2020-12-24,86,1339,65,1243,21,96,0,0,86,1339,0,0,86,1339,California
El Dorado,2020-12-25,8,1347,8,1251,0,96,0,0,8,1347,0,0,8,1347,California
El Dorado,2020-12-26,44,1391,26,1277,18,114,0,0,44,1391,0,0,44,1391,California
El Dorado,2020-12-27,37,1428,33,1310,4,118,0,0,37,1428,0,0,37,1428,California
El Dorado,2020-12-28,217,1645,170,1480,47,165,0,0,217,1645,0,0,217,1645,California
El Dorado,2020-12-29,454,2099,140,1620,314,479,0,0,454,2099,0,0,454,2099,California
El Dorado,2020-12-30,504,2603,136,1756,368,847,0,0,504,2603,0,0,504,2603,California
El Dorado,2020-12-31,108,2711,68,1824,40,887,0,0,108,2711,0,0,108,2711,California
El Dorado,2021-01-01,6,2717,4,1828,2,889,0,0,6,2717,0,0,6,2717,California
El Dorado,2021-01-02,151,2868,140,1968,11,900,0,0,151,2868,0,0,151,2868,California
El Dorado,2021-01-03,90,2958,16,1984,74,974,0,0,90,2958,0,0,90,2958,California
El Dorado,2021-01-04,190,3148,63,2047,127,1101,0,0,190,3148,0,0,190,3148,California
El Dorado,2021-01-05,204,3352,49,2096,155,1256,0,0,188,3320,16,16,188,3336,California
El Dorado,2021-01-06,261,3613,188,2284,73,1329,0,0,198,3455,63,79,198,3534,California
El Dorado,2021-01-07,326,3939,134,2418,192,1521,0,0,256,3641,70,149,256,3790,California
El Dorado,2021-01-08,972,4911,500,2918,472,1993,0,0,769,4208,203,352,770,4560,California
El Dorado,2021-01-09,192,5103,156,3074,36,2029,0,0,124,4264,68,420,124,4684,California
El Dorado,2021-01-10,180,5283,129,3203,51,2080,0,0,111,4306,69,489,111,4795,California
El Dorado,2021-01-11,658,5941,292,3495,366,2446,0,0,460,4569,197,686,460,5255,California
El Dorado,2021-01-12,692,6633,421,3916,271,2717,0,0,444,4765,248,934,444,5699,California
El Dorado,2021-01-13,694,7327,295,4211,399,3116,0,0,534,5139,160,1094,534,6233,California
El Dorado,2021-01-14,681,8008,218,4429,463,3579,0,0,586,5630,95,1189,586,6819,California
El Dorado,2021-01-15,673,8681,184,4613,489,4068,0,0,601,6159,72,1261,601,7420,California
El Dorado,2021-01-16,171,8852,103,4716,68,4136,0,0,144,6276,27,1288,144,7564,California
El Dorado,2021-01-17,99,8951,47,4763,52,4188,0,0,82,6341,17,1305,82,7646,California
El Dorado,2021-01-18,417,9368,138,4901,279,4467,0,0,349,6622,68,1373,349,7995,California
El Dorado,2021-01-19,636,10004,351,5252,285,4752,0,0,487,6961,149,1522,488,8483,California
El Dorado,2021-01-20,1008,11012,685,5937,323,5075,0,0,896,7746,111,1633,896,9379,California
El Dorado,2021-01-21,1151,12163,570,6507,581,5656,0,0,945,8526,165,1798,945,10324,California
El Dorado,2021-01-22,1094,13257,703,7210,391,6047,0,0,1043,9519,50,1848,1043,11367,California
El Dorado,2021-01-23,736,13993,617,7827,119,6166,0,0,625,10033,111,1959,625,11992,California
El Dorado,2021-01-24,126,14119,76,7903,50,6216,0,0,107,10121,19,1978,107,12099,California
El Dorado,2021-01-25,610,14729,204,8107,406,6622,0,0,521,10553,89,2067,521,12620,California
El Dorado,2021-01-26,670,15399,362,8469,308,6930,0,0,567,11018,103,2170,568,13188,California
El Dorado,2021-01-27,927,16326,331,8800,596,7526,0,0,591,11273,337,2507,592,13780,California
El Dorado,2021-01-28,1098,17424,450,9250,648,8174,0,0,741,11657,357,2864,741,14521,California
El Dorado,2021-01-29,965,18389,487,9737,478,8652,0,0,736,12166,228,3092,737,15258,California
El Dorado,2021-01-30,611,19000,360,10097,251,8903,0,0,450,12455,161,3253,450,15708,California
El Dorado,2021-01-31,209,19209,188,10285,21,8924,0,0,180,12606,29,3282,180,15888,California
El Dorado,2021-02-01,786,19995,368,10653,418,9342,0,0,642,13105,143,3425,642,16530,California
El Dorado,2021-02-02,828,20823,366,11019,462,9804,0,0,667,13611,161,3586,667,17197,California
El Dorado,2021-02-03,898,21721,475,11494,423,10227,0,0,686,14085,212,3798,686,17883,California
El Dorado,2021-02-04,1264,22985,721,12215,543,10770,0,0,871,14563,393,4191,871,18754,California
El Dorado,2021-02-05,1478,24463,597,12812,881,11651,0,0,865,14850,578,4769,865,19619,California
El Dorado,2021-02-06,638,25101,333,13145,305,11956,0,0,530,15273,108,4877,531,20150,California
El Dorado,2021-02-07,256,25357,176,13321,80,12036,0,0,192,15401,64,4941,192,20342,California
El Dorado,2021-02-08,878,26235,416,13737,462,12498,0,0,605,15733,273,5214,605,20947,California
El Dorado,2021-02-09,901,27136,487,14224,414,12912,0,0,479,15790,422,5636,479,21426,California
El Dorado,2021-02-10,1235,28371,728,14952,507,13419,0,0,644,15844,590,6226,644,22070,California
El Dorado,2021-02-11,2127,30498,879,15831,1248,14667,0,0,957,15633,1169,7395,958,23028,California
El Dorado,2021-02-12,1556,32054,822,16653,734,15401,0,0,676,15430,880,8275,677,23705,California
El Dorado,2021-02-13,976,33030,668,17321,308,15709,0,0,432,15321,541,8816,432,24137,California
El Dorado,2021-02-14,480,33510,153,17474,327,16036,0,0,397,15635,83,8899,397,24534,California
El Dorado,2021-02-15,1180,34690,387,17861,793,16829,0,0,827,16112,353,9252,830,25364,California
El Dorado,2021-02-16,1180,35870,528,18389,652,17481,0,0,672,16278,507,9759,673,26037,California
El Dorado,2021-02-17,896,36766,371,18760,525,18006,0,0,419,16222,477,10236,421,26458,California
El Dorado,2021-02-18,2073,38839,1005,19765,1068,19074,0,0,1348,16846,724,10960,1348,27806,California
El Dorado,2021-02-19,1159,39998,599,20364,560,19634,0,0,645,16978,514,11474,646,28452,California
El Dorado,2021-02-20,913,40911,434,20798,479,20113,0,0,665,17401,242,11716,665,29117,California
El Dorado,2021-02-21,280,41191,224,21022,56,20169,0,0,98,17318,181,11897,98,29215,California
El Dorado,2021-02-22,860,42051,435,21457,425,20594,0,0,276,17011,583,12480,276,29491,California
El Dorado,2021-02-23,819,42870,472,21929,347,20941,0,0,332,16857,486,12966,332,29823,California
El Dorado,2021-02-24,994,43864,439,22368,555,21496,0,0,402,16668,592,13558,403,30226,California
El Dorado,2021-02-25,1603,45467,881,23249,722,22218,0,0,699,16471,898,14456,701,30927,California
El Dorado,2021-02-26,2327,47794,1480,24729,847,23065,0,0,1571,17288,754,15210,1571,32498,California
El Dorado,2021-02-27,1651,49445,437,25166,1214,24279,0,0,1212,18064,436,15646,1212,33710,California
El Dorado,2021-02-28,570,50015,204,25370,366,24645,0,0,419,18333,151,15797,420,34130,California
El Dorado,2021-03-01,1097,51112,450,25820,647,25292,0,0,604,18445,492,16289,604,34734,California
El Dorado,2021-03-02,878,51990,264,26084,614,25906,0,0,452,18473,424,16713,452,35186,California
El Dorado,2021-03-03,1652,53642,454,26538,1198,27104,0,0,1127,19083,519,17232,1129,36315,California
El Dorado,2021-03-04,2478,56120,1530,28068,948,28052,0,0,1210,19028,1265,18497,1210,37525,California
El Dorado,2021-03-05,1556,57676,421,28489,1130,29182,5,5,1028,19538,523,19020,1033,38558,California
El Dorado,2021-03-06,726,58402,208,28697,485,29667,33,38,381,19607,345,19365,414,38972,California
El Dorado,2021-03-07,398,58800,197,28894,183,29850,18,56,235,19699,161,19526,253,39225,California
El Dorado,2021-03-08,1318,60118,363,29257,885,30735,70,126,850,20154,465,19991,920,40145,California
El Dorado,2021-03-09,952,61070,225,29482,660,31395,67,193,561,20406,376,20367,628,40773,California
El Dorado,2021-03-10,924,61994,342,29824,527,31922,55,248,535,20612,384,20751,590,41363,California
El Dorado,2021-03-11,2980,64974,1824,31648,974,32896,182,430,1362,20551,1604,22355,1543,42906,California
El Dorado,2021-03-12,1745,66719,618,32266,883,33779,244,674,724,20511,1008,23363,968,43874,California
El Dorado,2021-03-13,1041,67760,342,32608,416,34195,283,957,358,20469,680,24043,638,44512,California
El Dorado,2021-03-14,772,68532,207,32815,453,34648,112,1069,260,20329,512,24555,372,44884,California
El Dorado,2021-03-15,1374,69906,297,33112,951,35599,126,1195,586,20258,784,25339,713,45597,California
El Dorado,2021-03-16,1187,71093,404,33516,639,36238,144,1339,548,20317,633,25972,692,46289,California
El Dorado,2021-03-17,1068,72161,351,33867,623,36861,94,1433,686,20714,382,26354,779,47068,California
El Dorado,2021-03-18,2913,75074,1736,35603,1133,37994,44,1477,1930,21711,977,27331,1974,49042,California
El Dorado,2021-03-19,1081,76155,358,35961,579,38573,144,1621,609,21993,472,27803,754,49796,California
El Dorado,2021-03-20,924,77079,263,36224,644,39217,17,1638,350,21797,563,28366,367,50163,California
El Dorado,2021-03-21,1020,78099,415,36639,600,39817,5,1643,934,22651,85,28451,939,51102,California
El Dorado,2021-03-22,1479,79578,485,37124,913,40730,81,1724,1183,23624,291,28742,1264,52366,California
El Dorado,2021-03-23,1085,80663,450,37574,544,41274,91,1815,699,24036,378,29120,790,53156,California
El Dorado,2021-03-24,1407,82070,620,38194,593,41867,194,2009,673,24181,722,29842,867,54023,California
El Dorado,2021-03-25,2453,84523,1661,39855,689,42556,103,2112,1366,24568,1082,30924,1469,55492,California
El Dorado,2021-03-26,1763,86286,681,40536,973,43529,109,2221,940,24810,807,31731,1049,56541,California
El Dorado,2021-03-27,1288,87574,185,40721,1099,44628,4,2225,316,24164,966,32697,320,56861,California
El Dorado,2021-03-28,612,88186,183,40904,420,45048,9,2234,196,23956,413,33110,205,57066,California
El Dorado,2021-03-29,1314,89500,432,41336,868,45916,14,2248,838,24335,473,33583,852,57918,California
El Dorado,2021-03-30,1324,90824,411,41747,823,46739,90,2338,686,24477,633,34216,775,58693,California
El Dorado,2021-03-31,1531,92355,576,42323,892,47631,63,2401,702,24414,827,35043,764,59457,California
El Dorado,2021-04-01,3189,95544,1746,44069,1360,48991,83,2484,1517,24346,1670,36713,1602,61059,California
El Dorado,2021-04-02,1850,97394,555,44624,1202,50193,93,2577,744,24081,1102,37815,837,61896,California
El Dorado,2021-04-03,734,98128,284,44908,331,50524,119,2696,220,23906,514,38329,339,62235,California
El Dorado,2021-04-04,265,98393,83,44991,135,50659,47,2743,94,23877,170,38499,141,62376,California
El Dorado,2021-04-05,1413,99806,422,45413,899,51558,92,2835,594,23747,816,39315,686,63062,California
El Dorado,2021-04-06,1397,101203,515,45928,663,52221,219,3054,446,23463,949,40264,665,63727,California
El Dorado,2021-04-07,1562,102765,552,46480,565,52786,445,3499,559,23464,1001,41265,1002,64729,California
El Dorado,2021-04-08,2663,105428,1721,48201,708,53494,234,3733,1122,23285,1535,42800,1356,66085,California
El Dorado,2021-04-09,1381,106809,426,48627,741,54235,214,3947,543,23205,835,43635,755,66840,California
El Dorado,2021-04-10,794,107603,209,48836,480,54715,105,4052,469,23455,324,43959,574,67414,California
El Dorado,2021-04-11,690,108293,448,49284,226,54941,16,4068,202,23185,488,44447,218,67632,California
El Dorado,2021-04-12,1264,109557,481,49765,637,55578,146,4214,571,23216,686,45133,717,68349,California
El Dorado,2021-04-13,1092,110649,594,50359,498,56076,0,4214,499,23127,588,45721,499,68848,California
El Dorado,2021-04-14,902,111551,384,50743,517,56593,1,4215,299,22826,601,46322,300,69148,California
El Dorado,2021-04-15,2214,113765,1560,52303,654,57247,0,4215,827,22274,1384,47706,832,69980,California
El Dorado,2021-04-16,658,114423,333,52636,325,57572,0,4215,282,22183,373,48079,282,70262,California
Fresno,2020-12-15,2,2,2,2,0,0,0,0,2,2,0,0,2,2,California
Fresno,2020-12-16,121,123,121,123,0,0,0,0,121,123,0,0,121,123,California
Fresno,2020-12-17,120,243,120,243,0,0,0,0,120,243,0,0,120,243,California
Fresno,2020-12-18,344,587,344,587,0,0,0,0,344,587,0,0,344,587,California
Fresno,2020-12-19,157,744,157,744,0,0,0,0,157,744,0,0,157,744,California
Fresno,2020-12-20,256,1000,254,998,2,2,0,0,256,1000,0,0,256,1000,California
Fresno,2020-12-21,924,1924,923,1921,1,3,0,0,956,1956,0,0,956,1956,California
Fresno,2020-12-22,901,2825,872,2793,29,32,0,0,905,2861,0,0,905,2861,California
Fresno,2020-12-23,1082,3907,1047,3840,35,67,0,0,1083,3944,0,0,1083,3944,California
Fresno,2020-12-24,581,4488,562,4402,19,86,0,0,581,4525,0,0,581,4525,California
Fresno,2020-12-25,2,4490,1,4403,1,87,0,0,2,4527,0,0,2,4527,California
Fresno,2020-12-26,721,5211,713,5116,8,95,0,0,721,5248,0,0,721,5248,California
Fresno,2020-12-27,298,5509,204,5320,94,189,0,0,298,5546,0,0,298,5546,California
Fresno,2020-12-28,1061,6570,774,6094,287,476,0,0,1061,6607,0,0,1061,6607,California
Fresno,2020-12-29,1770,8340,1040,7134,730,1206,0,0,1768,8374,1,1,1768,8375,California
Fresno,2020-12-30,979,9319,478,7612,501,1707,0,0,979,9353,0,1,979,9354,California
Fresno,2020-12-31,893,10212,310,7922,583,2290,0,0,892,10245,0,1,892,10246,California
Fresno,2021-01-01,9,10221,3,7925,6,2296,0,0,9,10254,0,1,9,10255,California
Fresno,2021-01-02,1030,11251,717,8642,313,2609,0,0,1030,11284,0,1,1030,11285,California
Fresno,2021-01-03,153,11404,128,8770,25,2634,0,0,153,11437,0,1,153,11438,California
Fresno,2021-01-04,608,12012,373,9143,235,2869,0,0,608,12045,0,1,608,12046,California
Fresno,2021-01-05,775,12787,311,9454,464,3333,0,0,701,12672,74,75,701,12747,California
Fresno,2021-01-06,972,13759,345,9799,627,3960,0,0,800,13300,172,247,800,13547,California
Fresno,2021-01-07,1883,15642,912,10711,971,4931,0,0,1630,14680,253,500,1633,15180,California
Fresno,2021-01-08,1779,17421,615,11326,1164,6095,0,0,1414,15731,363,863,1414,16594,California
Fresno,2021-01-09,628,18049,386,11712,242,6337,0,0,354,15811,274,1137,354,16948,California
Fresno,2021-01-10,515,18564,485,12197,30,6367,0,0,202,15700,313,1450,202,17150,California
Fresno,2021-01-11,2153,20717,1749,13946,404,6771,0,0,1461,16472,692,2142,1464,18614,California
Fresno,2021-01-12,2516,23233,1824,15770,692,7463,0,0,1669,17294,849,2991,1671,20285,California
Fresno,2021-01-13,3535,26768,2421,18191,1114,8577,0,0,2679,19119,856,3847,2681,22966,California
Fresno,2021-01-14,4149,30917,2200,20391,1949,10526,0,0,3678,22327,470,4317,3678,26644,California
Fresno,2021-01-15,3637,34554,2530,22921,1107,11633,0,0,3280,25253,357,4674,3283,29927,California
Fresno,2021-01-16,3148,37702,2306,25227,842,12475,0,0,2684,27475,463,5137,2685,32612,California
Fresno,2021-01-17,975,38677,553,25780,422,12897,0,0,777,28054,198,5335,777,33389,California
Fresno,2021-01-18,3072,41749,2366,28146,706,13603,0,0,2409,29804,661,5996,2411,35800,California
Fresno,2021-01-19,4309,46058,2540,30686,1769,15372,0,0,3663,32824,646,6642,3666,39466,California
Fresno,2021-01-20,2995,49053,1185,31871,1810,17182,0,0,2696,35223,300,6942,2699,42165,California
Fresno,2021-01-21,4347,53400,2000,33871,2347,19529,0,0,4000,38899,329,7271,4005,46170,California
Fresno,2021-01-22,3306,56706,1344,35215,1962,21491,0,0,2919,41449,370,7641,2920,49090,California
Fresno,2021-01-23,3033,59739,1961,37176,1072,22563,0,0,2310,43045,722,8363,2318,51408,California
Fresno,2021-01-24,548,60287,372,37548,176,22739,0,0,345,43190,203,8566,348,51756,California
Fresno,2021-01-25,2336,62623,863,38411,1473,24212,0,0,1850,44558,486,9052,1854,53610,California
Fresno,2021-01-26,2015,64638,582,38993,1433,25645,0,0,1314,45174,699,9751,1315,54925,California
Fresno,2021-01-27,2248,66886,1161,40154,1087,26732,0,0,1729,46388,518,10269,1732,56657,California
Fresno,2021-01-28,4458,71344,3031,43185,1427,28159,0,0,3451,48839,1003,11272,3454,60111,California
Fresno,2021-01-29,1697,73041,983,44168,714,28873,0,0,1399,49944,295,11567,1400,61511,California
Fresno,2021-01-30,1444,74485,551,44719,893,29766,0,0,1030,50560,414,11981,1030,62541,California
Fresno,2021-01-31,225,74710,216,44935,9,29775,0,0,71,50477,154,12135,71,62612,California
Fresno,2021-02-01,3325,78035,1661,46596,1664,31439,0,0,1812,50795,1512,13647,1830,64442,California
Fresno,2021-02-02,2716,80751,553,47149,2163,33602,0,0,1586,51281,1116,14763,1602,66044,California
Fresno,2021-02-03,3530,84281,2094,49243,1436,35038,0,0,1516,50798,2000,16763,1517,67561,California
Fresno,2021-02-04,4190,88471,1895,51138,2295,37333,0,0,1928,50499,2232,18995,1933,69494,California
Fresno,2021-02-05,5195,93666,2595,53733,2600,39933,0,0,2184,49679,3006,22001,2186,71680,California
Fresno,2021-02-06,2930,96596,2043,55776,887,40820,0,0,973,48701,1953,23954,975,72655,California
Fresno,2021-02-07,465,97061,286,56062,179,40999,0,0,272,48781,192,24146,272,72927,California
Fresno,2021-02-08,4271,101332,2292,58354,1979,42978,0,0,1810,48163,2437,26583,1819,74746,California
Fresno,2021-02-09,5325,106657,2081,60435,3244,46222,0,0,3117,49155,2133,28716,3125,77871,California
Fresno,2021-02-10,3868,110525,1232,61667,2636,48858,0,0,1980,49313,1833,30549,1991,79862,California
Fresno,2021-02-11,6442,116967,2088,63755,4354,53212,0,0,3381,49651,3047,33596,3385,83247,California
Fresno,2021-02-12,5369,122336,1380,65135,3989,57201,0,0,2748,49801,2604,36200,2754,86001,California
Fresno,2021-02-13,3725,126061,1546,66681,2179,59380,0,0,2076,50245,1637,37837,2081,88082,California
Fresno,2021-02-14,1561,127622,281,66962,1280,60660,0,0,850,50386,710,38547,851,88933,California
Fresno,2021-02-15,2883,130505,271,67233,2612,63272,0,0,1776,51064,1103,39650,1781,90714,California
Fresno,2021-02-16,6672,137177,2398,69631,4274,67546,0,0,4243,52901,2412,42062,4249,94963,California
Fresno,2021-02-17,5327,142504,2453,72084,2874,70420,0,0,2980,53582,2303,44365,2984,97947,California
Fresno,2021-02-18,6852,149356,2902,74986,3950,74370,0,0,2576,51943,4226,48591,2587,100534,California
Fresno,2021-02-19,3831,153187,1098,76084,2733,77103,0,0,1829,51783,1992,50583,1832,102366,California
Fresno,2021-02-20,4531,157718,2498,78582,2033,79136,0,0,3054,53371,1471,52054,3059,105425,California
Fresno,2021-02-21,185,157903,169,78751,16,79152,0,0,127,53453,45,52099,127,105552,California
Fresno,2021-02-22,2225,160128,1000,79751,1225,80377,0,0,1224,53687,993,53092,1227,106779,California
Fresno,2021-02-23,3870,163998,1465,81216,2405,82782,0,0,3015,55857,847,53939,3017,109796,California
Fresno,2021-02-24,4168,168166,1491,82707,2677,85459,0,0,3426,58555,731,54670,3429,113225,California
Fresno,2021-02-25,7460,175626,2504,85211,4956,90415,0,0,6009,63185,1385,56055,6015,119240,California
Fresno,2021-02-26,8291,183917,3015,88226,5276,95691,0,0,7015,68950,1255,57310,7020,126260,California
Fresno,2021-02-27,6274,190191,2190,90416,4084,99775,0,0,5592,73874,674,57984,5598,131858,California
Fresno,2021-02-28,1628,191819,528,90944,1100,100875,0,0,1545,75347,72,58056,1545,133403,California
Fresno,2021-03-01,4890,196709,1285,92229,3605,104480,0,0,3592,77659,1288,59344,3600,137003,California
Fresno,2021-03-02,8410,205119,2297,94526,6113,110593,0,0,7055,83405,1332,60676,7078,144081,California
Fresno,2021-03-03,6609,211728,1582,96108,5026,115619,1,1,5595,88113,1002,61678,5710,149791,California
Fresno,2021-03-04,8412,220140,2514,98622,5898,121517,0,1,6905,93544,1482,63160,6913,156704,California
Fresno,2021-03-05,7908,228048,2694,101316,5213,126730,1,2,6901,99645,876,64036,6977,163681,California
Fresno,2021-03-06,6447,234495,3533,104849,2797,129527,117,119,5507,104338,935,64971,5628,169309,California
Fresno,2021-03-07,1470,235965,675,105524,761,130288,34,153,1244,105392,225,65196,1279,170588,California
Fresno,2021-03-08,4943,240908,1907,107431,2884,133172,152,305,3775,108168,1162,66358,3938,174526,California
Fresno,2021-03-09,6874,247782,2339,109770,4267,137439,268,573,3913,109441,2943,69301,4216,178742,California
Fresno,2021-03-10,6597,254379,2742,112512,3468,140907,387,960,5212,113674,1375,70676,5608,184350,California
Fresno,2021-03-11,11218,265597,4524,117036,6130,147037,564,1524,6189,115512,4991,75667,6829,191179,California
Fresno,2021-03-12,11462,277059,4911,121947,6102,153139,449,1973,8482,121619,2964,78631,9071,200250,California
Fresno,2021-03-13,8132,285191,3893,125840,3221,156360,1018,2991,3910,122416,4203,82834,5000,205250,California
Fresno,2021-03-14,1745,286936,462,126302,1003,157363,280,3271,659,122276,1078,83912,938,206188,California
Fresno,2021-03-15,6819,293755,2919,129221,3730,161093,170,3441,4670,125163,2136,86048,5023,211211,California
Fresno,2021-03-16,10040,303795,4392,133613,5257,166350,391,3832,6159,127956,3855,89903,6648,217859,California
Fresno,2021-03-17,8388,312183,3858,137471,3838,170188,692,4524,5621,131902,2748,92651,6694,224553,California
Fresno,2021-03-18,12122,324305,6548,144019,4945,175133,629,5153,7933,136737,4149,96800,8984,233537,California
Fresno,2021-03-19,10823,335128,5611,149630,4599,179732,613,5766,7374,141594,3423,100223,8280,241817,California
Fresno,2021-03-20,7330,342458,4395,154025,2623,182355,312,6078,4498,143859,2815,103038,5080,246897,California
Fresno,2021-03-21,1763,344221,1196,155221,195,182550,372,6450,955,144383,804,103842,1328,248225,California
Fresno,2021-03-22,5585,349806,2882,158103,2109,184659,594,7044,3795,147199,1772,105614,4588,252813,California
Fresno,2021-03-23,10562,360368,5225,163328,4846,189505,491,7535,6116,149804,4428,110042,7033,259846,California
Fresno,2021-03-24,8570,368938,3614,166942,4127,193632,829,8364,4723,151593,3816,113858,5605,265451,California
Fresno,2021-03-25,11991,380929,5551,172493,5660,199292,780,9144,6160,152816,5799,119657,7022,272473,California
Fresno,2021-03-26,11855,392784,5306,177799,5907,205199,642,9786,5262,152193,6549,126206,5926,278399,California
Fresno,2021-03-27,9364,402148,4127,181926,4152,209351,1085,10871,2938,149825,6395,132601,4027,282426,California
Fresno,2021-03-28,3271,405419,1192,183118,1392,210743,687,11558,1255,150016,2009,134610,2200,284626,California
Fresno,2021-03-29,5985,411404,1976,185094,3468,214211,541,12099,2910,150427,3053,137663,3464,288090,California
Fresno,2021-03-30,10680,422084,4186,189280,5620,219831,874,12973,4438,149521,6220,143883,5314,293404,California
Fresno,2021-03-31,9182,431266,3307,192587,4901,224732,974,13947,3855,149062,5291,149174,4832,298236,California
Fresno,2021-04-01,11248,442514,4039,196626,6359,231091,850,14797,3905,146504,7271,156445,4713,302949,California
Fresno,2021-04-02,11224,453738,4383,201009,6060,237151,781,15578,4155,144524,6923,163368,4943,307892,California
Fresno,2021-04-03,6122,459860,3371,204380,2505,239656,246,15824,2209,143117,3900,167268,2493,310385,California
Fresno,2021-04-04,1482,461342,528,204908,912,240568,42,15866,560,142804,915,168183,602,310987,California
Fresno,2021-04-05,8120,469462,4422,209330,2918,243486,780,16646,2499,140541,5613,173796,3350,314337,California
Fresno,2021-04-06,9391,478853,3930,213260,4305,247791,1156,17802,3574,139499,5787,179583,4745,319082,California
Fresno,2021-04-07,10135,488988,5272,218532,3695,251486,1168,18970,3525,137639,6585,186168,4725,323807,California
Fresno,2021-04-08,10675,499663,5105,223637,4437,255923,1133,20103,3444,135068,7194,193362,4623,328430,California
Fresno,2021-04-09,9963,509626,4524,228161,4122,260045,1317,21420,3227,132933,6703,200065,4568,332998,California
Fresno,2021-04-10,7521,517147,4831,232992,2174,262219,516,21936,3577,133087,3940,204005,4094,337092,California
Fresno,2021-04-11,1384,518531,926,233918,368,262587,90,22026,449,132694,931,204936,538,337630,California
Fresno,2021-04-12,6831,525362,3696,237614,2308,264895,827,22853,2251,131211,4563,209499,3080,340710,California
Fresno,2021-04-13,7840,533202,3588,241202,4181,269076,71,22924,3197,129954,4617,214116,3360,344070,California
Fresno,2021-04-14,7235,540437,3834,245036,3401,272477,0,22924,2834,128465,4369,218485,2880,346950,California
Fresno,2021-04-15,6494,546931,3151,248187,3341,275818,2,22926,2600,127207,3872,222357,2614,349564,California
Fresno,2021-04-16,5230,552161,2478,250665,2750,278568,2,22928,2443,126897,2758,225115,2448,352012,California
Glenn,2020-12-17,1,1,1,1,0,0,0,0,1,1,0,0,1,1,California
Glenn,2020-12-19,1,2,1,2,0,0,0,0,1,2,0,0,1,2,California
Glenn,2020-12-20,1,3,1,3,0,0,0,0,1,3,0,0,1,3,California
Glenn,2020-12-21,11,14,11,14,0,0,0,0,11,14,0,0,11,14,California
Glenn,2020-12-22,59,73,59,73,0,0,0,0,59,73,0,0,59,73,California
Glenn,2020-12-23,26,99,26,99,0,0,0,0,26,99,0,0,26,99,California
Glenn,2020-12-24,9,108,9,108,0,0,0,0,9,108,0,0,9,108,California
Glenn,2020-12-26,2,110,2,110,0,0,0,0,2,110,0,0,2,110,California
Glenn,2020-12-27,4,114,4,114,0,0,0,0,4,114,0,0,4,114,California
Glenn,2020-12-28,21,135,21,135,0,0,0,0,21,135,0,0,21,135,California
Glenn,2020-12-29,82,217,82,217,0,0,0,0,82,217,0,0,82,217,California
Glenn,2020-12-30,128,345,106,323,22,22,0,0,128,345,0,0,128,345,California
Glenn,2020-12-31,38,383,9,332,29,51,0,0,38,383,0,0,38,383,California
Glenn,2021-01-02,2,385,2,334,0,51,0,0,2,385,0,0,2,385,California
Glenn,2021-01-04,7,392,5,339,2,53,0,0,7,392,0,0,7,392,California
Glenn,2021-01-05,9,401,8,347,1,54,0,0,9,401,0,0,9,401,California
Glenn,2021-01-06,61,462,9,356,52,106,0,0,61,462,0,0,61,462,California
Glenn,2021-01-07,66,528,12,368,54,160,0,0,64,524,2,2,64,526,California
Glenn,2021-01-08,11,539,9,377,2,162,0,0,11,535,0,2,11,537,California
Glenn,2021-01-10,1,540,1,378,0,162,0,0,0,534,1,3,0,537,California
Glenn,2021-01-11,30,570,30,408,0,162,0,0,12,528,18,21,12,549,California
Glenn,2021-01-12,42,612,37,445,5,167,0,0,14,514,28,49,14,563,California
Glenn,2021-01-13,152,764,87,532,65,232,0,0,109,580,43,92,109,672,California
Glenn,2021-01-14,184,948,96,628,88,320,0,0,174,744,10,102,174,846,California
Glenn,2021-01-15,42,990,34,662,8,328,0,0,37,776,5,107,37,883,California
Glenn,2021-01-16,34,1024,14,676,20,348,0,0,24,790,10,117,24,907,California
Glenn,2021-01-17,4,1028,2,678,2,350,0,0,2,790,2,119,2,909,California
Glenn,2021-01-18,17,1045,16,694,1,351,0,0,9,791,8,127,9,918,California
Glenn,2021-01-19,30,1075,20,714,10,361,0,0,13,787,17,144,13,931,California
Glenn,2021-01-20,163,1238,94,808,69,430,0,0,82,788,81,225,82,1013,California
Glenn,2021-01-21,124,1362,98,906,26,456,0,0,30,724,94,319,30,1043,California
Glenn,2021-01-22,337,1699,63,969,274,730,0,0,330,1047,7,326,330,1373,California
Glenn,2021-01-23,14,1713,7,976,7,737,0,0,12,1057,2,328,12,1385,California
Glenn,2021-01-24,2,1715,2,978,0,737,0,0,2,1059,0,328,2,1387,California
Glenn,2021-01-25,27,1742,9,987,18,755,0,0,24,1080,3,331,24,1411,California
Glenn,2021-01-26,29,1771,13,1000,16,771,0,0,23,1097,6,337,23,1434,California
Glenn,2021-01-27,188,1959,14,1014,174,945,0,0,166,1241,22,359,166,1600,California
Glenn,2021-01-28,146,2105,8,1022,138,1083,0,0,116,1327,30,389,116,1716,California
Glenn,2021-01-29,297,2402,12,1034,285,1368,0,0,283,1596,14,403,283,1999,California
Glenn,2021-01-30,5,2407,0,1034,5,1373,0,0,5,1601,0,403,5,2004,California
Glenn,2021-01-31,1,2408,0,1034,1,1374,0,0,1,1602,0,403,1,2005,California
Glenn,2021-02-01,28,2436,10,1044,18,1392,0,0,16,1606,12,415,16,2021,California
Glenn,2021-02-02,28,2464,13,1057,15,1407,0,0,19,1616,9,424,19,2040,California
Glenn,2021-02-03,207,2671,58,1115,149,1556,0,0,112,1633,95,519,112,2152,California
Glenn,2021-02-04,149,2820,84,1199,65,1621,0,0,45,1574,104,623,45,2197,California
Glenn,2021-02-05,319,3139,24,1223,295,1916,0,0,300,1855,19,642,300,2497,California
Glenn,2021-02-06,14,3153,2,1225,12,1928,0,0,13,1867,1,643,13,2510,California
Glenn,2021-02-07,2,3155,2,1227,0,1928,0,0,2,1869,0,643,2,2512,California
Glenn,2021-02-08,21,3176,17,1244,4,1932,0,0,4,1856,17,660,4,2516,California
Glenn,2021-02-09,49,3225,20,1264,29,1961,0,0,36,1879,13,673,36,2552,California
Glenn,2021-02-10,138,3363,19,1283,119,2080,0,0,64,1869,74,747,64,2616,California
Glenn,2021-02-11,231,3594,132,1415,99,2179,0,0,149,1936,82,829,149,2765,California
Glenn,2021-02-12,420,4014,99,1514,321,2500,0,0,356,2228,64,893,356,3121,California
Glenn,2021-02-13,34,4048,7,1521,27,2527,0,0,16,2226,18,911,16,3137,California
Glenn,2021-02-14,1,4049,0,1521,1,2528,0,0,1,2227,0,911,1,3138,California
Glenn,2021-02-15,8,4057,0,1521,8,2536,0,0,8,2235,0,911,8,3146,California
Glenn,2021-02-16,39,4096,9,1530,30,2566,0,0,21,2238,18,929,21,3167,California
Glenn,2021-02-17,380,4476,15,1545,365,2931,0,0,302,2462,78,1007,302,3469,California
Glenn,2021-02-18,134,4610,99,1644,35,2966,0,0,110,2548,24,1031,110,3579,California
Glenn,2021-02-19,303,4913,17,1661,286,3252,0,0,29,2303,274,1305,29,3608,California
Glenn,2021-02-20,8,4921,0,1661,8,3260,0,0,0,2295,8,1313,0,3608,California
Glenn,2021-02-22,33,4954,14,1675,19,3279,0,0,17,2296,16,1329,17,3625,California
Glenn,2021-02-23,40,4994,10,1685,30,3309,0,0,28,2312,12,1341,28,3653,California
Glenn,2021-02-24,221,5215,15,1700,206,3515,0,0,47,2185,174,1515,47,3700,California
Glenn,2021-02-25,262,5477,148,1848,114,3629,0,0,118,2159,144,1659,118,3818,California
Glenn,2021-02-26,305,5782,24,1872,281,3910,0,0,20,1895,284,1943,20,3838,California
Glenn,2021-02-27,15,5797,5,1877,10,3920,0,0,5,1891,9,1952,5,3843,California
Glenn,2021-02-28,6,5803,3,1880,3,3923,0,0,3,1892,2,1954,3,3846,California
Glenn,2021-03-01,28,5831,6,1886,22,3945,0,0,12,1888,16,1970,12,3858,California
Glenn,2021-03-02,35,5866,7,1893,28,3973,0,0,17,1887,18,1988,17,3875,California
Glenn,2021-03-03,191,6057,35,1928,156,4129,0,0,99,1895,91,2079,99,3974,California
Glenn,2021-03-04,520,6577,175,2103,345,4474,0,0,376,2127,144,2223,376,4350,California
Glenn,2021-03-05,355,6932,47,2150,308,4782,0,0,34,1840,321,2544,34,4384,California
Glenn,2021-03-06,26,6958,3,2153,22,4804,1,1,9,1833,17,2561,10,4394,California
Glenn,2021-03-07,5,6963,0,2153,5,4809,0,1,3,1835,1,2562,3,4397,California
Glenn,2021-03-08,21,6984,2,2155,18,4827,1,2,19,1853,2,2564,20,4417,California
Glenn,2021-03-09,77,7061,11,2166,63,4890,3,5,53,1884,24,2588,55,4472,California
Glenn,2021-03-10,171,7232,68,2234,101,4991,2,7,95,1905,76,2664,97,4569,California
Glenn,2021-03-11,583,7815,169,2403,390,5381,24,31,453,2252,130,2794,477,5046,California
Glenn,2021-03-12,415,8230,14,2417,340,5721,61,92,39,1976,376,3170,100,5146,California
Glenn,2021-03-13,12,8242,1,2418,3,5724,8,100,1,1974,11,3181,9,5155,California
Glenn,2021-03-14,3,8245,1,2419,2,5726,0,100,2,1975,1,3182,2,5157,California
Glenn,2021-03-15,75,8320,15,2434,55,5781,5,105,60,2025,15,3197,65,5222,California
Glenn,2021-03-16,106,8426,33,2467,62,5843,11,116,65,2060,41,3238,76,5298,California
Glenn,2021-03-17,414,8840,97,2564,310,6153,7,123,112,1876,302,3540,118,5416,California
Glenn,2021-03-18,520,9360,214,2778,50,6203,256,379,144,1900,376,3916,400,5816,California
Glenn,2021-03-19,91,9451,16,2794,69,6272,6,385,70,1956,20,3936,76,5892,California
Glenn,2021-03-20,121,9572,1,2795,119,6391,1,386,119,2074,2,3938,120,6012,California
Glenn,2021-03-21,6,9578,5,2800,0,6391,1,387,3,2076,2,3940,4,6016,California
Glenn,2021-03-22,116,9694,53,2853,55,6446,8,395,96,2162,18,3958,104,6120,California
Glenn,2021-03-23,168,9862,66,2919,51,6497,51,446,95,2236,72,4030,146,6266,California
Glenn,2021-03-24,205,10067,100,3019,100,6597,5,451,133,2303,71,4101,138,6404,California
Glenn,2021-03-25,455,10522,230,3249,131,6728,94,545,326,2595,128,4229,420,6824,California
Glenn,2021-03-26,225,10747,34,3283,155,6883,36,581,175,2756,50,4279,211,7035,California
Glenn,2021-03-27,152,10899,21,3304,126,7009,5,586,142,2893,10,4289,147,7182,California
Glenn,2021-03-28,15,10914,10,3314,5,7014,0,586,10,2898,5,4294,10,7192,California
Glenn,2021-03-29,58,10972,19,3333,36,7050,3,589,44,2931,14,4308,47,7239,California
Glenn,2021-03-30,73,11045,41,3374,31,7081,1,590,43,2946,29,4337,44,7283,California
Glenn,2021-03-31,125,11170,36,3410,88,7169,1,591,55,2932,70,4407,56,7339,California
Glenn,2021-04-01,641,11811,186,3596,446,7615,9,600,231,2763,409,4816,240,7579,California
Glenn,2021-04-02,158,11969,25,3621,121,7736,12,612,122,2861,36,4852,134,7713,California
Glenn,2021-04-03,90,12059,4,3625,79,7815,7,619,79,2936,11,4863,86,7799,California
Glenn,2021-04-04,8,12067,3,3628,3,7818,2,621,4,2938,4,4867,6,7805,California
Glenn,2021-04-05,66,12133,25,3653,28,7846,13,634,28,2941,38,4905,41,7846,California
Glenn,2021-04-06,142,12275,52,3705,51,7897,39,673,37,2912,104,5009,75,7921,California
Glenn,2021-04-07,152,12427,46,3751,52,7949,54,727,73,2960,79,5088,127,8048,California
Glenn,2021-04-08,629,13056,188,3939,407,8356,34,761,135,2637,492,5580,169,8217,California
Glenn,2021-04-09,150,13206,57,3996,77,8433,16,777,95,2693,55,5635,111,8328,California
Glenn,2021-04-10,75,13281,1,3997,63,8496,11,788,63,2755,12,5647,74,8402,California
Glenn,2021-04-11,17,13298,8,4005,4,8500,5,793,7,2757,10,5657,12,8414,California
Glenn,2021-04-12,103,13401,24,4029,50,8550,29,822,18,2719,85,5742,47,8461,California
Glenn,2021-04-13,107,13508,63,4092,44,8594,0,822,29,2671,77,5819,29,8490,California
Glenn,2021-04-14,96,13604,41,4133,55,8649,0,822,49,2673,47,5866,49,8539,California
Glenn,2021-04-15,339,13943,268,4401,71,8720,0,822,113,2563,226,6092,116,8655,California
Glenn,2021-04-16,139,14082,23,4424,116,8836,0,822,68,2560,71,6163,68,8723,California
Humboldt,2020-12-15,2,2,2,2,0,0,0,0,2,2,0,0,2,2,California
Humboldt,2020-12-16,15,17,15,17,0,0,0,0,15,17,0,0,15,17,California
Humboldt,2020-12-17,117,134,117,134,0,0,0,0,117,134,0,0,117,134,California
Humboldt,2020-12-18,176,310,176,310,0,0,0,0,176,310,0,0,176,310,California
Humboldt,2020-12-19,10,320,10,320,0,0,0,0,10,320,0,0,10,320,California
Humboldt,2020-12-20,28,348,28,348,0,0,0,0,28,348,0,0,28,348,California
Humboldt,2020-12-21,165,513,165,513,0,0,0,0,165,513,0,0,165,513,California
Humboldt,2020-12-22,292,805,292,805,0,0,0,0,292,805,0,0,292,805,California
Humboldt,2020-12-23,310,1115,262,1067,48,48,0,0,311,1116,0,0,311,1116,California
Humboldt,2020-12-24,25,1140,2,1069,23,71,0,0,25,1141,0,0,25,1141,California
Humboldt,2020-12-25,2,1142,2,1071,0,71,0,0,2,1143,0,0,2,1143,California
Humboldt,2020-12-26,6,1148,5,1076,1,72,0,0,6,1149,0,0,6,1149,California
Humboldt,2020-12-28,153,1301,144,1220,9,81,0,0,153,1302,0,0,153,1302,California
Humboldt,2020-12-29,166,1467,123,1343,43,124,0,0,166,1468,0,0,166,1468,California
Humboldt,2020-12-30,222,1689,123,1466,99,223,0,0,222,1690,0,0,222,1690,California
Humboldt,2020-12-31,241,1930,79,1545,162,385,0,0,241,1931,0,0,241,1931,California
Humboldt,2021-01-01,2,1932,1,1546,1,386,0,0,2,1933,0,0,2,1933,California
Humboldt,2021-01-02,38,1970,1,1547,37,423,0,0,38,1971,0,0,38,1971,California
Humboldt,2021-01-04,214,2184,141,1688,73,496,0,0,215,2186,0,0,215,2186,California
Humboldt,2021-01-05,128,2312,18,1706,110,606,0,0,127,2312,1,1,127,2313,California
Humboldt,2021-01-06,301,2613,203,1909,98,704,0,0,229,2480,61,62,229,2542,California
Humboldt,2021-01-07,418,3031,306,2215,112,816,0,0,305,2687,98,160,305,2847,California
Humboldt,2021-01-08,417,3448,279,2494,138,954,0,0,282,2838,131,291,282,3129,California
Humboldt,2021-01-09,69,3517,45,2539,24,978,0,0,66,2902,3,294,67,3196,California
Humboldt,2021-01-10,84,3601,84,2623,0,978,0,0,4,2826,80,374,4,3200,California
Humboldt,2021-01-11,287,3888,276,2899,11,989,0,0,72,2687,211,585,72,3272,California
Humboldt,2021-01-12,479,4367,316,3215,163,1152,0,0,297,2824,160,745,297,3569,California
Humboldt,2021-01-13,477,4844,274,3489,203,1355,0,0,300,2951,174,919,301,3870,California
Humboldt,2021-01-14,518,5362,161,3650,357,1712,0,0,462,3358,56,975,463,4333,California
Humboldt,2021-01-15,374,5736,39,3689,335,2047,0,0,357,3698,17,992,357,4690,California
Humboldt,2021-01-16,170,5906,6,3695,164,2211,0,0,169,3866,1,993,169,4859,California
Humboldt,2021-01-17,6,5912,4,3699,2,2213,0,0,6,3872,0,993,6,4865,California
Humboldt,2021-01-18,292,6204,257,3956,35,2248,0,0,143,3866,149,1142,143,5008,California
Humboldt,2021-01-19,616,6820,372,4328,244,2492,0,0,489,4234,121,1263,489,5497,California
Humboldt,2021-01-20,911,7731,401,4729,510,3002,0,0,763,4860,139,1402,765,6262,California
Humboldt,2021-01-21,955,8686,260,4989,695,3697,0,0,914,5733,41,1443,914,7176,California
Humboldt,2021-01-22,675,9361,376,5365,299,3996,0,0,667,6392,8,1451,667,7843,California
Humboldt,2021-01-23,799,10160,271,5636,528,4524,0,0,790,7174,9,1460,791,8634,California
Humboldt,2021-01-24,224,10384,1,5637,223,4747,0,0,224,7398,0,1460,224,8858,California
Humboldt,2021-01-25,303,10687,232,5869,71,4818,0,0,149,7393,154,1614,149,9007,California
Humboldt,2021-01-26,523,11210,141,6010,382,5200,0,0,476,7822,47,1661,476,9483,California
Humboldt,2021-01-27,1258,12468,585,6595,673,5873,0,0,1194,8959,57,1718,1194,10677,California
Humboldt,2021-01-28,1444,13912,626,7221,818,6691,0,0,1309,10138,132,1850,1311,11988,California
Humboldt,2021-01-29,1126,15038,543,7764,583,7274,0,0,709,10431,417,2267,710,12698,California
Humboldt,2021-01-30,972,16010,458,8222,514,7788,0,0,961,11382,11,2278,962,13660,California
Humboldt,2021-01-31,308,16318,307,8529,1,7789,0,0,307,11688,1,2279,307,13967,California
Humboldt,2021-02-01,330,16648,190,8719,140,7929,0,0,188,11735,141,2420,188,14155,California
Humboldt,2021-02-02,441,17089,73,8792,368,8297,0,0,338,11974,101,2521,340,14495,California
Humboldt,2021-02-03,648,17737,259,9051,389,8686,0,0,499,12324,149,2670,499,14994,California
Humboldt,2021-02-04,637,18374,261,9312,376,9062,0,0,442,12574,192,2862,442,15436,California
Humboldt,2021-02-05,806,19180,94,9406,712,9774,0,0,623,13014,183,3045,623,16059,California
Humboldt,2021-02-06,1053,20233,442,9848,611,10385,0,0,1012,13987,40,3085,1013,17072,California
Humboldt,2021-02-07,377,20610,7,9855,370,10755,0,0,373,14357,4,3089,374,17446,California
Humboldt,2021-02-08,325,20935,142,9997,183,10938,0,0,184,14401,140,3229,184,17630,California
Humboldt,2021-02-09,493,21428,218,10215,275,11213,0,0,178,14264,315,3544,178,17808,California
Humboldt,2021-02-10,560,21988,368,10583,192,11405,0,0,232,14173,323,3867,232,18040,California
Humboldt,2021-02-11,1289,23277,391,10974,898,12303,0,0,510,13907,776,4643,510,18550,California
Humboldt,2021-02-12,1142,24419,733,11707,409,12712,0,0,703,14171,439,5082,703,19253,California
Humboldt,2021-02-13,1496,25915,552,12259,944,13656,0,0,909,14495,585,5667,909,20162,California
Humboldt,2021-02-14,112,26027,5,12264,107,13763,0,0,109,14602,2,5669,109,20271,California
Humboldt,2021-02-15,292,26319,78,12342,214,13977,0,0,195,14700,97,5766,195,20466,California
Humboldt,2021-02-16,532,26851,117,12459,415,14392,0,0,251,14671,281,6047,252,20718,California
Humboldt,2021-02-17,450,27301,279,12738,171,14563,0,0,137,14495,313,6360,137,20855,California
Humboldt,2021-02-18,966,28267,595,13333,371,14934,0,0,229,13988,736,7096,229,21084,California
Humboldt,2021-02-19,475,28742,434,13767,41,14975,0,0,89,13694,383,7479,89,21173,California
Humboldt,2021-02-20,1582,30324,977,14744,605,15580,0,0,474,13065,1105,8584,476,21649,California
Humboldt,2021-02-21,476,30800,468,15212,8,15588,0,0,185,12960,291,8875,186,21835,California
Humboldt,2021-02-22,125,30925,91,15303,34,15622,0,0,26,12889,97,8972,26,21861,California
Humboldt,2021-02-23,170,31095,69,15372,101,15723,0,0,39,12799,129,9101,39,21900,California
Humboldt,2021-02-24,1143,32238,685,16057,458,16181,0,0,566,12789,576,9677,566,22466,California
Humboldt,2021-02-25,828,33066,315,16372,513,16694,0,0,226,12415,600,10277,226,22692,California
Humboldt,2021-02-26,2140,35206,106,16478,2034,18728,0,0,455,11190,1680,11957,455,23147,California
Humboldt,2021-02-27,1688,36894,1072,17550,616,19344,0,0,868,11244,818,12775,872,24019,California
Humboldt,2021-02-28,121,37015,11,17561,110,19454,0,0,116,11355,5,12780,116,24135,California
Humboldt,2021-03-01,254,37269,46,17607,208,19662,0,0,179,11459,75,12855,179,24314,California
Humboldt,2021-03-02,283,37552,48,17655,235,19897,0,0,154,11484,129,12984,154,24468,California
Humboldt,2021-03-03,1637,39189,1095,18750,542,20439,0,0,1217,12288,414,13398,1218,25686,California
Humboldt,2021-03-04,881,40070,107,18857,774,21213,0,0,265,11939,616,14014,267,25953,California
Humboldt,2021-03-05,921,40991,179,19036,731,21944,11,11,371,11775,546,14560,382,26335,California
Humboldt,2021-03-06,1687,42678,837,19873,801,22745,49,60,709,11556,977,15537,758,27093,California
Humboldt,2021-03-07,361,43039,294,20167,49,22794,18,78,156,11525,205,15742,174,27267,California
Humboldt,2021-03-08,255,43294,6,20173,171,22965,78,156,161,11670,94,15836,239,27506,California
Humboldt,2021-03-09,454,43748,200,20373,110,23075,144,300,212,11786,240,16076,356,27862,California
Humboldt,2021-03-10,682,44430,466,20839,63,23138,153,453,413,12082,268,16344,564,28426,California
Humboldt,2021-03-11,1326,45756,461,21300,765,23903,100,553,510,11877,814,17158,609,29035,California
Humboldt,2021-03-12,1728,47484,1083,22383,425,24328,220,773,1043,12465,677,17835,1265,30300,California
Humboldt,2021-03-13,1562,49046,1020,23403,490,24818,52,825,678,12317,878,18713,730,31030,California
Humboldt,2021-03-14,139,49185,18,23421,112,24930,9,834,25,12237,114,18827,34,31064,California
Humboldt,2021-03-15,265,49450,50,23471,195,25125,20,854,49,12090,216,19043,69,31133,California
Humboldt,2021-03-16,630,50080,200,23671,170,25295,260,1114,256,12232,373,19416,515,31648,California
Humboldt,2021-03-17,725,50805,396,24067,221,25516,108,1222,333,12282,391,19807,441,32089,California
Humboldt,2021-03-18,1718,52523,1159,25226,517,26033,42,1264,1034,12679,679,20486,1076,33165,California
Humboldt,2021-03-19,1073,53596,58,25284,701,26734,314,1578,441,12806,628,21114,755,33920,California
Humboldt,2021-03-20,1372,54968,750,26034,609,27343,13,1591,427,12304,943,22057,441,34361,California
Humboldt,2021-03-21,244,55212,32,26066,183,27526,29,1620,197,12483,47,22104,226,34587,California
Humboldt,2021-03-22,109,55321,15,26081,45,27571,49,1669,54,12532,54,22158,103,34690,California
Humboldt,2021-03-23,405,55726,40,26121,322,27893,43,1712,316,12804,87,22245,359,35049,California
Humboldt,2021-03-24,1409,57135,386,26507,976,28869,47,1759,1035,13518,366,22611,1080,36129,California
Humboldt,2021-03-25,1770,58905,1169,27676,538,29407,63,1822,888,13589,880,23491,951,37080,California
Humboldt,2021-03-26,2023,60928,425,28101,1542,30949,56,1878,1582,14791,436,23927,1638,38718,California
Humboldt,2021-03-27,1905,62833,1422,29523,315,31264,168,2046,1043,15143,859,24786,1211,39929,California
Humboldt,2021-03-28,264,63097,79,29602,114,31378,71,2117,84,15118,180,24966,155,40084,California
Humboldt,2021-03-29,463,63560,122,29724,246,31624,95,2212,197,15144,265,25231,291,40375,California
Humboldt,2021-03-30,931,64491,299,30023,518,32142,114,2326,559,15447,369,25600,672,41047,California
Humboldt,2021-03-31,1843,66334,513,30536,1234,33376,96,2422,1396,16496,445,26045,1494,42541,California
Humboldt,2021-04-01,2079,68413,690,31226,1301,34677,88,2510,1473,17457,600,26645,1561,44102,California
Humboldt,2021-04-02,1680,70093,1097,32323,480,35157,103,2613,595,17076,1079,27724,698,44800,California
Humboldt,2021-04-03,1642,71735,1488,33811,138,35295,16,2629,666,16792,966,28690,682,45482,California
Humboldt,2021-04-04,470,72205,360,34171,101,35396,9,2638,398,17128,72,28762,408,45890,California
Humboldt,2021-04-05,724,72929,454,34625,222,35618,48,2686,408,17269,315,29077,456,46346,California
Humboldt,2021-04-06,811,73740,311,34936,366,35984,134,2820,575,17746,231,29308,708,47054,California
Humboldt,2021-04-07,1413,75153,1041,35977,236,36220,136,2956,925,18321,486,29794,1061,48115,California
Humboldt,2021-04-08,1544,76697,1052,37029,369,36589,123,3079,701,18303,842,30636,824,48939,California
Humboldt,2021-04-09,1170,77867,426,37455,594,37183,150,3229,915,19108,255,30891,1060,49999,California
Humboldt,2021-04-10,921,78788,133,37588,615,37798,173,3402,726,19812,194,31085,898,50897,California
Humboldt,2021-04-11,632,79420,136,37724,30,37828,466,3868,125,19894,507,31592,589,51486,California
Humboldt,2021-04-12,400,79820,219,37943,75,37903,106,3974,270,20140,130,31722,376,51862,California
Humboldt,2021-04-13,563,80383,303,38246,257,38160,3,3977,530,20642,30,31752,532,52394,California
Humboldt,2021-04-14,1226,81609,863,39109,363,38523,0,3977,1130,21676,96,31848,1130,53524,California
Humboldt,2021-04-15,1520,83129,1100,40209,416,38939,4,3981,1113,22411,405,32253,1140,54664,California
Humboldt,2021-04-16,814,83943,400,40609,414,39353,0,3981,335,22269,478,32731,336,55000,California
Imperial,2020-12-16,1,1,1,1,0,0,0,0,1,1,0,0,1,1,California
Imperial,2020-12-17,4,5,4,5,0,0,0,0,4,5,0,0,4,5,California
Imperial,2020-12-18,11,16,11,16,0,0,0,0,11,16,0,0,11,16,California
Imperial,2020-12-20,2,18,2,18,0,0,0,0,2,18,0,0,2,18,California
Imperial,2020-12-21,186,204,186,204,0,0,0,0,186,204,0,0,186,204,California
Imperial,2020-12-22,241,445,239,443,2,2,0,0,241,445,0,0,241,445,California
Imperial,2020-12-23,211,656,210,653,1,3,0,0,210,655,0,0,210,655,California
Imperial,2020-12-24,5,661,5,658,0,3,0,0,5,660,0,0,5,660,California
Imperial,2020-12-26,1,662,0,658,1,4,0,0,1,661,0,0,1,661,California
Imperial,2020-12-27,62,724,0,658,62,66,0,0,62,723,0,0,62,723,California
Imperial,2020-12-28,214,938,114,772,100,166,0,0,214,937,0,0,214,937,California
Imperial,2020-12-29,189,1127,36,808,153,319,0,0,189,1126,0,0,189,1126,California
Imperial,2020-12-30,366,1493,50,858,316,635,0,0,366,1492,0,0,366,1492,California
Imperial,2020-12-31,197,1690,26,884,171,806,0,0,197,1689,0,0,197,1689,California
Imperial,2021-01-01,46,1736,5,889,41,847,0,0,46,1735,0,0,46,1735,California
Imperial,2021-01-02,4,1740,0,889,4,851,0,0,4,1739,0,0,4,1739,California
Imperial,2021-01-03,90,1830,0,889,90,941,0,0,90,1829,0,0,90,1829,California
Imperial,2021-01-04,85,1915,5,894,80,1021,0,0,85,1914,0,0,85,1914,California
Imperial,2021-01-05,172,2087,13,907,159,1180,0,0,172,2086,0,0,172,2086,California
Imperial,2021-01-06,190,2277,25,932,165,1345,0,0,189,2274,1,1,189,2275,California
Imperial,2021-01-07,320,2597,10,942,310,1655,0,0,317,2588,3,4,317,2592,California
Imperial,2021-01-08,190,2787,50,992,140,1795,0,0,181,2760,9,13,181,2773,California
Imperial,2021-01-09,24,2811,21,1013,3,1798,0,0,24,2784,0,13,24,2797,California
Imperial,2021-01-10,1,2812,0,1013,1,1799,0,0,1,2785,0,13,1,2798,California
Imperial,2021-01-11,403,3215,244,1257,159,1958,0,0,175,2732,228,241,175,2973,California
Imperial,2021-01-12,403,3618,301,1558,102,2060,0,0,141,2612,261,502,141,3114,California
Imperial,2021-01-13,379,3997,132,1690,247,2307,0,0,280,2793,99,601,280,3394,California
Imperial,2021-01-14,260,4257,151,1841,109,2416,0,0,254,3042,5,606,254,3648,California
Imperial,2021-01-15,239,4496,182,2023,57,2473,0,0,232,3267,7,613,232,3880,California
Imperial,2021-01-16,76,4572,72,2095,4,2477,0,0,75,3341,1,614,75,3955,California
Imperial,2021-01-17,8,4580,2,2097,6,2483,0,0,8,3349,0,614,8,3963,California
Imperial,2021-01-18,1057,5637,402,2499,655,3138,0,0,958,4209,99,713,959,4922,California
Imperial,2021-01-19,164,5801,128,2627,36,3174,0,0,117,4279,47,760,117,5039,California
Imperial,2021-01-20,291,6092,195,2822,96,3270,0,0,253,4494,38,798,253,5292,California
Imperial,2021-01-21,414,6506,183,3005,231,3501,0,0,394,4868,20,818,394,5686,California
Imperial,2021-01-22,456,6962,189,3194,267,3768,0,0,447,5306,9,827,447,6133,California
Imperial,2021-01-23,1041,8003,290,3484,751,4519,0,0,1040,6345,1,828,1040,7173,California
Imperial,2021-01-24,10,8013,3,3487,7,4526,0,0,10,6355,0,828,10,7183,California
Imperial,2021-01-25,213,8226,5,3492,208,4734,0,0,34,6211,178,1006,34,7217,California
Imperial,2021-01-26,359,8585,184,3676,175,4909,0,0,216,6284,143,1149,216,7433,California
Imperial,2021-01-27,570,9155,162,3838,408,5317,0,0,237,6188,333,1482,237,7670,California
Imperial,2021-01-28,633,9788,160,3998,473,5790,0,0,525,6605,108,1590,525,8195,California
Imperial,2021-01-29,421,10209,295,4293,126,5916,0,0,371,6926,50,1640,371,8566,California
Imperial,2021-01-30,55,10264,30,4323,25,5941,0,0,38,6947,17,1657,38,8604,California
Imperial,2021-01-31,16,10280,6,4329,10,5951,0,0,15,6961,1,1658,15,8619,California
Imperial,2021-02-01,418,10698,53,4382,365,6316,0,0,208,6960,209,1867,208,8827,California
Imperial,2021-02-02,677,11375,54,4436,623,6939,0,0,496,7275,181,2048,496,9323,California
Imperial,2021-02-03,456,11831,47,4483,409,7348,0,0,263,7346,192,2240,263,9586,California
Imperial,2021-02-04,1715,13546,1197,5680,518,7866,0,0,1402,8436,312,2552,1402,10988,California
Imperial,2021-02-05,389,13935,241,5921,148,8014,0,0,153,8355,234,2786,153,11141,California
Imperial,2021-02-06,861,14796,838,6759,23,8037,0,0,824,9143,36,2822,824,11965,California
Imperial,2021-02-07,21,14817,9,6768,12,8049,0,0,20,9162,1,2823,20,11985,California
Imperial,2021-02-08,251,15068,42,6810,209,8258,0,0,183,9277,68,2891,183,12168,California
Imperial,2021-02-09,461,15529,145,6955,316,8574,0,0,304,9424,157,3048,304,12472,California
Imperial,2021-02-10,385,15914,56,7011,329,8903,0,0,95,9230,290,3338,96,12568,California
Imperial,2021-02-11,461,16375,258,7269,203,9106,0,0,89,8947,372,3710,89,12657,California
Imperial,2021-02-12,2114,18489,1405,8674,709,9815,0,0,1762,10358,351,4061,1762,14419,California
Imperial,2021-02-13,41,18530,18,8692,23,9838,0,0,34,10386,7,4068,35,14454,California
Imperial,2021-02-14,23,18553,11,8703,12,9850,0,0,21,10405,2,4070,21,14475,California
Imperial,2021-02-15,29,18582,10,8713,19,9869,0,0,22,10420,7,4077,22,14497,California
Imperial,2021-02-16,512,19094,265,8978,247,10116,0,0,292,10492,220,4297,292,14789,California
Imperial,2021-02-17,439,19533,285,9263,154,10270,0,0,83,10219,356,4653,83,14872,California
Imperial,2021-02-18,645,20178,308,9571,337,10607,0,0,140,9856,503,5156,140,15012,California
Imperial,2021-02-19,766,20944,381,9952,385,10992,0,0,192,9475,573,5729,192,15204,California
Imperial,2021-02-20,1039,21983,191,10143,848,11840,0,0,325,9089,713,6442,327,15531,California
Imperial,2021-02-21,588,22571,554,10697,34,11874,0,0,577,9656,10,6452,577,16108,California
Imperial,2021-02-22,809,23380,569,11266,240,12114,0,0,759,10365,50,6502,759,16867,California
Imperial,2021-02-23,935,24315,372,11638,563,12677,0,0,885,11200,50,6552,885,17752,California
Imperial,2021-02-24,700,25015,285,11923,415,13092,0,0,603,11707,96,6648,603,18355,California
Imperial,2021-02-25,814,25829,338,12261,476,13568,0,0,449,11797,364,7012,454,18809,California
Imperial,2021-02-26,1741,27570,1350,13611,391,13959,0,0,1568,13194,171,7183,1568,20377,California
Imperial,2021-02-27,858,28428,809,14420,49,14008,0,0,120,12577,738,7921,121,20498,California
Imperial,2021-02-28,29,28457,19,14439,10,14018,0,0,20,12588,9,7930,20,20518,California
Imperial,2021-03-01,489,28946,291,14730,198,14216,0,0,426,12954,61,7991,427,20945,California
Imperial,2021-03-02,672,29618,246,14976,426,14642,0,0,385,13054,287,8278,387,21332,California
Imperial,2021-03-03,913,30531,37,15013,875,15517,1,1,544,13244,366,8644,556,21888,California
Imperial,2021-03-04,742,31273,75,15088,667,16184,0,1,483,13499,257,8901,512,22400,California
Imperial,2021-03-05,2566,33839,1936,17024,630,16814,0,1,1243,13424,1320,10221,1245,23645,California
Imperial,2021-03-06,687,34526,236,17260,451,17265,0,1,646,14036,38,10259,650,24295,California
Imperial,2021-03-07,72,34598,40,17300,32,17297,0,1,52,14069,20,10279,53,24348,California
Imperial,2021-03-08,410,35008,328,17628,47,17344,35,36,358,14410,52,10331,393,24741,California
Imperial,2021-03-09,681,35689,310,17938,125,17469,246,282,398,14771,283,10614,644,25385,California
Imperial,2021-03-10,679,36368,311,18249,264,17733,104,386,315,14828,363,10977,420,25805,California
Imperial,2021-03-11,1783,38151,478,18727,1113,18846,192,578,1184,15616,599,11576,1387,27192,California
Imperial,2021-03-12,3697,41848,2536,21263,976,19822,185,763,2108,16324,1586,13162,2294,29486,California
Imperial,2021-03-13,1140,42988,90,21353,827,20649,223,986,856,17124,282,13444,1082,30568,California
Imperial,2021-03-14,168,43156,30,21383,126,20775,12,998,138,17245,30,13474,151,30719,California
Imperial,2021-03-15,668,43824,214,21597,196,20971,258,1256,375,17585,292,13766,632,31351,California
Imperial,2021-03-16,1065,44889,275,21872,337,21308,453,1709,528,18031,535,14301,981,32332,California
Imperial,2021-03-17,1567,46456,686,22558,745,22053,136,1845,990,18584,574,14875,1127,33459,California
Imperial,2021-03-18,1777,48233,1175,23733,542,22595,60,1905,1247,19366,528,15403,1310,34769,California
Imperial,2021-03-19,3332,51565,2440,26173,888,23483,4,1909,1499,19044,1826,17229,1504,36273,California
Imperial,2021-03-20,862,52427,550,26723,307,23790,5,1914,418,19033,440,17669,429,36702,California
Imperial,2021-03-21,215,52642,33,26756,178,23968,4,1918,157,19140,58,17727,165,36867,California
Imperial,2021-03-22,1039,53681,333,27089,699,24667,7,1925,618,19346,420,18147,626,37493,California
Imperial,2021-03-23,1379,55060,405,27494,968,25635,6,1931,884,19745,493,18640,892,38385,California
Imperial,2021-03-24,1868,56928,541,28035,901,26536,426,2357,900,20105,966,19606,1326,39711,California
Imperial,2021-03-25,2775,59703,498,28533,870,27406,1407,3764,996,20729,1778,21384,2402,42113,California
Imperial,2021-03-26,2451,62154,854,29387,727,28133,870,4634,766,20687,1679,23063,1637,43750,California
Imperial,2021-03-27,574,62728,263,29650,260,28393,51,4685,416,20999,155,23218,467,44217,California
Imperial,2021-03-28,208,62936,50,29700,156,28549,2,4687,172,21137,36,23254,174,44391,California
Imperial,2021-03-29,1172,64108,346,30046,389,28938,437,5124,313,21031,857,24111,751,45142,California
Imperial,2021-03-30,1436,65544,677,30723,590,29528,169,5293,675,21115,761,24872,845,45987,California
Imperial,2021-03-31,1529,67073,715,31438,809,30337,5,5298,1020,21633,507,25379,1025,47012,California
Imperial,2021-04-01,1740,68813,395,31833,1104,31441,241,5539,804,21746,932,26311,1045,48057,California
Imperial,2021-04-02,1247,70060,444,32277,729,32170,74,5613,733,22040,512,26823,806,48863,California
Imperial,2021-04-03,1485,71545,405,32682,1006,33176,74,5687,685,22003,796,27619,759,49622,California
Imperial,2021-04-04,82,71627,39,32721,27,33203,16,5703,24,21985,58,27677,40,49662,California
Imperial,2021-04-05,2015,73642,1232,33953,725,33928,58,5761,339,20714,1669,29346,398,50060,California
Imperial,2021-04-06,1215,74857,527,34480,537,34465,151,5912,645,20944,568,29914,798,50858,California
Imperial,2021-04-07,2043,76900,522,35002,1169,35634,352,6264,1483,22224,555,30469,1835,52693,California
Imperial,2021-04-08,2041,78941,1068,36070,700,36334,273,6537,1000,22458,1038,31507,1272,53965,California
Imperial,2021-04-09,1791,80732,567,36637,679,37013,545,7082,714,22642,1075,32582,1259,55224,California
Imperial,2021-04-10,1223,81955,180,36817,785,37798,258,7340,179,22035,1042,33624,435,55659,California
Imperial,2021-04-11,197,82152,27,36844,138,37936,32,7372,57,21984,140,33764,89,55748,California
Imperial,2021-04-12,1140,83292,652,37496,322,38258,166,7538,598,22211,539,34303,766,56514,California
Imperial,2021-04-13,2078,85370,1351,38847,726,38984,1,7539,1422,22983,651,34954,1423,57937,California
Imperial,2021-04-14,1636,87006,816,39663,820,39804,0,7539,1157,23668,473,35427,1158,59095,California
Imperial,2021-04-15,1445,88451,789,40452,656,40460,0,7539,1079,24384,364,35791,1080,60175,California
Imperial,2021-04-16,1580,90031,827,41279,753,41213,0,7539,935,24677,642,36433,935,61110,California
Inyo,2020-12-19,85,85,85,85,0,0,0,0,85,85,0,0,85,85,California
Inyo,2020-12-20,58,143,58,143,0,0,0,0,58,143,0,0,58,143,California
Inyo,2020-12-21,88,231,85,228,3,3,0,0,88,231,0,0,88,231,California
Inyo,2020-12-22,105,336,105,333,0,3,0,0,105,336,0,0,105,336,California
Inyo,2020-12-23,70,406,67,400,3,6,0,0,70,406,0,0,70,406,California
Inyo,2020-12-24,16,422,16,416,0,6,0,0,16,422,0,0,16,422,California
Inyo,2020-12-25,1,423,0,416,1,7,0,0,1,423,0,0,1,423,California
Inyo,2020-12-26,74,497,74,490,0,7,0,0,74,497,0,0,74,497,California
Inyo,2020-12-28,48,545,36,526,12,19,0,0,48,545,0,0,48,545,California
Inyo,2020-12-29,20,565,20,546,0,19,0,0,20,565,0,0,20,565,California
Inyo,2020-12-30,56,621,54,600,2,21,0,0,56,621,0,0,56,621,California
Inyo,2020-12-31,29,650,0,600,29,50,0,0,29,650,0,0,29,650,California
Inyo,2021-01-01,1,651,0,600,1,51,0,0,1,651,0,0,1,651,California
Inyo,2021-01-03,1,652,0,600,1,52,0,0,1,652,0,0,1,652,California
Inyo,2021-01-04,1,653,1,601,0,52,0,0,1,653,0,0,1,653,California
Inyo,2021-01-05,34,687,0,601,34,86,0,0,34,687,0,0,34,687,California
Inyo,2021-01-06,68,755,0,601,68,154,0,0,68,755,0,0,68,755,California
Inyo,2021-01-07,31,786,1,602,30,184,0,0,31,786,0,0,31,786,California
Inyo,2021-01-08,9,795,8,610,1,185,0,0,4,786,5,5,5,791,California
Inyo,2021-01-09,87,882,86,696,1,186,0,0,1,701,86,91,1,792,California
Inyo,2021-01-10,52,934,52,748,0,186,0,0,0,649,52,143,0,792,California
Inyo,2021-01-11,97,1031,82,830,15,201,0,0,16,584,81,224,16,808,California
Inyo,2021-01-12,139,1170,118,948,21,222,0,0,28,501,111,335,28,836,California
Inyo,2021-01-13,86,1256,68,1016,18,240,0,0,21,458,65,400,22,858,California
Inyo,2021-01-14,59,1315,13,1029,46,286,0,0,49,497,10,410,49,907,California
Inyo,2021-01-15,163,1478,28,1057,135,421,0,0,163,660,0,410,163,1070,California
Inyo,2021-01-16,74,1552,73,1130,1,422,0,0,1,588,73,483,1,1071,California
Inyo,2021-01-18,58,1610,36,1166,22,444,0,0,19,568,39,522,19,1090,California
Inyo,2021-01-19,116,1726,73,1239,43,487,0,0,100,652,16,538,100,1190,California
Inyo,2021-01-20,145,1871,70,1309,75,562,0,0,91,689,54,592,91,1281,California
Inyo,2021-01-21,121,1992,57,1366,64,626,0,0,120,808,1,593,120,1401,California
Inyo,2021-01-22,62,2054,0,1366,62,688,0,0,61,868,1,594,61,1462,California
Inyo,2021-01-23,52,2106,52,1418,0,688,0,0,52,920,0,594,52,1514,California
Inyo,2021-01-25,49,2155,6,1424,43,731,0,0,37,945,12,606,37,1551,California
Inyo,2021-01-26,135,2290,54,1478,81,812,0,0,129,1068,6,612,129,1680,California
Inyo,2021-01-27,23,2313,2,1480,21,833,0,0,22,1089,1,613,22,1702,California
Inyo,2021-01-28,92,2405,2,1482,90,923,0,0,63,1123,29,642,63,1765,California
Inyo,2021-01-29,25,2430,3,1485,22,945,0,0,23,1144,2,644,23,1788,California
Inyo,2021-01-30,11,2441,1,1486,10,955,0,0,11,1155,0,644,11,1799,California
Inyo,2021-01-31,32,2473,4,1490,28,983,0,0,4,1131,28,672,4,1803,California
Inyo,2021-02-01,11,2484,9,1499,2,985,0,0,1,1122,10,682,1,1804,California
Inyo,2021-02-02,130,2614,14,1513,116,1101,0,0,104,1200,26,708,104,1908,California
Inyo,2021-02-03,116,2730,0,1513,116,1217,0,0,74,1232,42,750,74,1982,California
Inyo,2021-02-04,149,2879,31,1544,118,1335,0,0,90,1263,59,809,90,2072,California
Inyo,2021-02-05,117,2996,61,1605,56,1391,0,0,115,1376,2,811,115,2187,California
Inyo,2021-02-06,4,3000,2,1607,2,1393,0,0,3,1378,1,812,3,2190,California
Inyo,2021-02-07,4,3004,2,1609,2,1395,0,0,4,1382,0,812,4,2194,California
Inyo,2021-02-08,117,3121,7,1616,110,1505,0,0,97,1459,20,832,97,2291,California
Inyo,2021-02-09,194,3315,52,1668,142,1647,0,0,122,1509,72,904,122,2413,California
Inyo,2021-02-10,143,3458,18,1686,125,1772,0,0,109,1584,34,938,109,2522,California
Inyo,2021-02-11,219,3677,56,1742,163,1935,0,0,125,1615,94,1032,125,2647,California
Inyo,2021-02-12,299,3976,52,1794,247,2182,0,0,168,1652,131,1163,168,2815,California
Inyo,2021-02-13,60,4036,55,1849,5,2187,0,0,8,1608,52,1215,8,2823,California
Inyo,2021-02-14,1,4037,0,1849,1,2188,0,0,1,1609,0,1215,1,2824,California
Inyo,2021-02-15,29,4066,9,1858,20,2208,0,0,5,1590,24,1239,5,2829,California
Inyo,2021-02-16,181,4247,50,1908,131,2339,0,0,93,1595,88,1327,93,2922,California
Inyo,2021-02-17,37,4284,4,1912,33,2372,0,0,7,1572,30,1357,7,2929,California
Inyo,2021-02-18,122,4406,5,1917,117,2489,0,0,78,1606,44,1401,78,3007,California
Inyo,2021-02-19,52,4458,4,1921,48,2537,0,0,9,1572,43,1444,9,3016,California
Inyo,2021-02-20,503,4961,499,2420,4,2541,0,0,501,2071,2,1446,501,3517,California
Inyo,2021-02-21,267,5228,267,2687,0,2541,0,0,267,2338,0,1446,267,3784,California
Inyo,2021-02-22,61,5289,19,2706,42,2583,0,0,27,2331,34,1480,27,3811,California
Inyo,2021-02-23,198,5487,20,2726,178,2761,0,0,94,2322,103,1583,94,3905,California
Inyo,2021-02-24,116,5603,0,2726,116,2877,0,0,57,2320,59,1642,57,3962,California
Inyo,2021-02-25,131,5734,3,2729,128,3005,0,0,63,2315,68,1710,63,4025,California
Inyo,2021-02-26,103,5837,60,2789,43,3048,0,0,19,2250,84,1794,19,4044,California
Inyo,2021-02-27,15,5852,4,2793,11,3059,0,0,3,2241,12,1806,3,4047,California
Inyo,2021-02-28,3,5855,1,2794,2,3061,0,0,2,2242,1,1807,2,4049,California
Inyo,2021-03-01,20,5875,2,2796,18,3079,0,0,17,2256,3,1810,17,4066,California
Inyo,2021-03-02,192,6067,1,2797,191,3270,0,0,109,2282,83,1893,109,4175,California
Inyo,2021-03-03,83,6150,2,2799,81,3351,0,0,40,2279,43,1936,40,4215,California
Inyo,2021-03-04,128,6278,4,2803,124,3475,0,0,46,2243,82,2018,46,4261,California
Inyo,2021-03-05,142,6420,57,2860,85,3560,0,0,38,2177,104,2122,38,4299,California
Inyo,2021-03-06,31,6451,1,2861,30,3590,0,0,30,2206,1,2123,30,4329,California
Inyo,2021-03-07,7,6458,4,2865,3,3593,0,0,5,2209,2,2125,5,4334,California
Inyo,2021-03-08,181,6639,5,2870,176,3769,0,0,91,2210,90,2215,91,4425,California
Inyo,2021-03-09,186,6825,2,2872,184,3953,0,0,71,2166,115,2330,71,4496,California
Inyo,2021-03-10,70,6895,8,2880,61,4014,1,1,30,2157,40,2370,31,4527,California
Inyo,2021-03-11,203,7098,1,2881,196,4210,6,7,73,2106,130,2500,79,4606,California
Inyo,2021-03-12,174,7272,4,2885,165,4375,5,12,76,2089,98,2598,81,4687,California
Inyo,2021-03-13,575,7847,540,3425,25,4400,10,22,77,1679,497,3095,87,4774,California
Inyo,2021-03-14,432,8279,430,3855,2,4402,0,22,169,1586,262,3357,169,4943,California
Inyo,2021-03-15,51,8330,15,3870,34,4436,2,24,30,1597,21,3378,32,4975,California
Inyo,2021-03-16,164,8494,4,3874,154,4590,6,30,63,1566,100,3478,69,5044,California
Inyo,2021-03-17,107,8601,3,3877,97,4687,7,37,92,1650,15,3493,99,5143,California
Inyo,2021-03-18,182,8783,14,3891,161,4848,7,44,102,1679,80,3573,109,5252,California
Inyo,2021-03-19,45,8828,4,3895,37,4885,4,48,35,1708,10,3583,39,5291,California
Inyo,2021-03-20,21,8849,1,3896,11,4896,9,57,2,1700,19,3602,11,5302,California
Inyo,2021-03-22,60,8909,2,3898,53,4949,5,62,40,1725,20,3622,45,5347,California
Inyo,2021-03-23,193,9102,4,3902,185,5134,4,66,103,1742,90,3712,107,5454,California
Inyo,2021-03-24,139,9241,3,3905,132,5266,4,70,86,1779,53,3765,90,5544,California
Inyo,2021-03-25,324,9565,104,4009,216,5482,4,74,258,1975,66,3831,262,5806,California
Inyo,2021-03-26,90,9655,2,4011,84,5566,4,78,70,2029,20,3851,74,5880,California
Inyo,2021-03-27,51,9706,44,4055,4,5570,3,81,45,2071,6,3857,48,5928,California
Inyo,2021-03-28,4,9710,1,4056,2,5572,1,82,1,2070,3,3860,2,5930,California
Inyo,2021-03-29,109,9819,2,4058,102,5674,5,87,82,2131,26,3886,87,6017,California
Inyo,2021-03-30,210,10029,3,4061,202,5876,5,92,102,2130,108,3994,107,6124,California
Inyo,2021-03-31,145,10174,4,4065,136,6012,5,97,104,2198,41,4035,109,6233,California
Inyo,2021-04-01,165,10339,5,4070,159,6171,1,98,116,2266,49,4084,117,6350,California
Inyo,2021-04-02,81,10420,1,4071,78,6249,2,100,52,2291,29,4113,54,6404,California
Inyo,2021-04-03,93,10513,46,4117,33,6282,14,114,5,2223,86,4199,18,6422,California
Inyo,2021-04-04,5,10518,4,4121,0,6282,1,115,1,2221,4,4203,2,6424,California
Inyo,2021-04-05,117,10635,1,4122,112,6394,4,119,29,2166,88,4291,33,6457,California
Inyo,2021-04-06,236,10871,6,4128,167,6561,63,182,104,2201,132,4423,167,6624,California
Inyo,2021-04-07,201,11072,4,4132,71,6632,126,308,45,2216,156,4579,171,6795,California
Inyo,2021-04-08,175,11247,14,4146,144,6776,17,325,79,2216,96,4675,96,6891,California
Inyo,2021-04-09,123,11370,5,4151,95,6871,23,348,36,2189,86,4761,59,6950,California
Inyo,2021-04-10,42,11412,1,4152,24,6895,17,365,3,2170,39,4800,20,6970,California
Inyo,2021-04-11,1,11413,0,4152,1,6896,0,365,1,2171,0,4800,1,6971,California
Inyo,2021-04-12,79,11492,0,4152,74,6970,5,370,41,2179,38,4838,46,7017,California
Inyo,2021-04-13,112,11604,4,4156,105,7075,3,373,56,2183,55,4893,59,7076,California
Inyo,2021-04-14,121,11725,4,4160,117,7192,0,373,41,2144,80,4973,41,7117,California
Inyo,2021-04-15,228,11953,70,4230,158,7350,0,373,81,2078,147,5120,81,7198,California
Inyo,2021-04-16,5,11958,4,4234,1,7351,0,373,5,2083,0,5120,5,7203,California
Kern,2020-12-15,1,1,1,1,0,0,0,0,1,1,0,0,1,1,California
Kern,2020-12-16,18,19,18,19,0,0,0,0,18,19,0,0,18,19,California
Kern,2020-12-17,164,183,164,183,0,0,0,0,164,183,0,0,164,183,California
Kern,2020-12-18,318,501,318,501,0,0,0,0,318,501,0,0,318,501,California
Kern,2020-12-19,98,599,98,599,0,0,0,0,99,600,0,0,99,600,California
Kern,2020-12-20,61,660,61,660,0,0,0,0,61,661,0,0,61,661,California
Kern,2020-12-21,671,1331,670,1330,1,1,0,0,671,1332,0,0,671,1332,California
Kern,2020-12-22,530,1861,527,1857,3,4,0,0,530,1862,0,0,530,1862,California
Kern,2020-12-23,557,2418,418,2275,139,143,0,0,557,2419,0,0,557,2419,California
Kern,2020-12-24,122,2540,43,2318,79,222,0,0,122,2541,0,0,122,2541,California
Kern,2020-12-25,1,2541,1,2319,0,222,0,0,1,2542,0,0,1,2542,California
Kern,2020-12-26,33,2574,1,2320,32,254,0,0,33,2575,0,0,33,2575,California
Kern,2020-12-27,35,2609,3,2323,32,286,0,0,35,2610,0,0,35,2610,California
Kern,2020-12-28,824,3433,660,2983,164,450,0,0,824,3434,0,0,824,3434,California
Kern,2020-12-29,745,4178,452,3435,293,743,0,0,745,4179,0,0,745,4179,California
Kern,2020-12-30,1200,5378,908,4343,292,1035,0,0,1200,5379,0,0,1200,5379,California
Kern,2020-12-31,277,5655,98,4441,179,1214,0,0,277,5656,0,0,277,5656,California
Kern,2021-01-01,12,5667,6,4447,6,1220,0,0,12,5668,0,0,12,5668,California
Kern,2021-01-02,78,5745,18,4465,60,1280,0,0,78,5746,0,0,78,5746,California
Kern,2021-01-03,23,5768,4,4469,19,1299,0,0,23,5769,0,0,23,5769,California
Kern,2021-01-04,552,6320,359,4828,193,1492,0,0,552,6321,0,0,552,6321,California
Kern,2021-01-05,1130,7450,736,5564,394,1886,0,0,1118,7427,12,12,1118,7439,California
Kern,2021-01-06,1165,8615,454,6018,711,2597,0,0,1135,8532,30,42,1135,8574,California
Kern,2021-01-07,1405,10020,494,6512,911,3508,0,0,1236,9600,168,210,1236,9810,California
Kern,2021-01-08,1626,11646,765,7277,861,4369,0,0,1331,10635,297,507,1332,11142,California
Kern,2021-01-09,225,11871,76,7353,149,4518,0,0,191,10792,34,541,191,11333,California
Kern,2021-01-10,194,12065,147,7500,47,4565,0,0,153,10904,41,582,153,11486,California
Kern,2021-01-11,1554,13619,983,8483,571,5136,0,0,999,11348,555,1137,999,12485,California
Kern,2021-01-12,1870,15489,810,9293,1060,6196,0,0,1360,12198,510,1647,1360,13845,California
Kern,2021-01-13,1854,17343,867,10160,987,7183,0,0,1432,13208,422,2069,1432,15277,California
Kern,2021-01-14,2180,19523,645,10805,1535,8718,0,0,2135,15297,46,2115,2135,17412,California
Kern,2021-01-15,2702,22225,857,11662,1845,10563,0,0,2605,17808,95,2210,2606,20018,California
Kern,2021-01-16,670,22895,212,11874,458,11021,0,0,636,18410,34,2244,636,20654,California
Kern,2021-01-17,72,22967,7,11881,65,11086,0,0,70,18478,2,2246,70,20724,California
Kern,2021-01-18,1643,24610,658,12539,985,12071,0,0,1474,19783,169,2415,1474,22198,California
Kern,2021-01-19,1851,26461,1030,13569,821,12892,0,0,1383,20699,468,2883,1384,23582,California
Kern,2021-01-20,2443,28904,1509,15078,934,13826,0,0,1819,21901,619,3502,1821,25403,California
Kern,2021-01-21,2161,31065,917,15995,1244,15070,0,0,1967,23675,193,3695,1967,27370,California
Kern,2021-01-22,2709,33774,1291,17286,1418,16488,0,0,2433,25834,274,3969,2433,29803,California
Kern,2021-01-23,1246,35020,534,17820,712,17200,0,0,1200,26988,46,4015,1200,31003,California
Kern,2021-01-24,159,35179,18,17838,141,17341,0,0,154,27137,5,4020,154,31157,California
Kern,2021-01-25,2381,37560,1083,18921,1298,18639,0,0,1899,28556,481,4501,1900,33057,California
Kern,2021-01-26,2756,40316,1119,20040,1637,20276,0,0,1902,29605,853,5354,1902,34959,California
Kern,2021-01-27,3553,43869,1898,21938,1655,21931,0,0,2856,31766,695,6049,2856,37815,California
Kern,2021-01-28,2856,46725,1348,23286,1508,23439,0,0,2425,33767,427,6476,2428,40243,California
Kern,2021-01-29,3764,50489,1798,25084,1966,25405,0,0,3224,36454,537,7013,3224,43467,California
Kern,2021-01-30,1323,51812,497,25581,826,26231,0,0,1276,37685,45,7058,1276,44743,California
Kern,2021-01-31,403,52215,276,25857,127,26358,0,0,268,37818,135,7193,268,45011,California
Kern,2021-02-01,2405,54620,817,26674,1588,27946,0,0,1855,39127,547,7740,1856,46867,California
Kern,2021-02-02,2919,57539,972,27646,1947,29893,0,0,2057,40323,862,8602,2058,48925,California
Kern,2021-02-03,3652,61191,1548,29194,2104,31997,0,0,2687,42052,958,9560,2687,51612,California
Kern,2021-02-04,3797,64988,1449,30643,2348,34345,0,0,2583,43432,1203,10763,2583,54195,California
Kern,2021-02-05,4848,69836,1989,32632,2859,37204,0,0,3090,44783,1739,12502,3090,57285,California
Kern,2021-02-06,1735,71571,765,33397,970,38174,0,0,1512,46075,220,12722,1512,58797,California
Kern,2021-02-07,282,71853,149,33546,133,38307,0,0,266,46327,14,12736,266,59063,California
Kern,2021-02-08,2562,74415,788,34334,1774,40081,0,0,1257,46298,1287,14023,1258,60321,California
Kern,2021-02-09,3034,77449,985,35319,2049,42130,0,0,1464,46199,1563,15586,1464,61785,California
Kern,2021-02-10,3782,81231,1656,36975,2126,44256,0,0,1896,46226,1870,17456,1897,63682,California
Kern,2021-02-11,4254,85485,1537,38512,2717,46973,0,0,2229,46443,2012,19468,2229,65911,California
Kern,2021-02-12,4949,90434,1892,40404,3057,50030,0,0,2482,46472,2453,21921,2482,68393,California
Kern,2021-02-13,2009,92443,725,41129,1284,51314,0,0,1167,46799,840,22761,1167,69560,California
Kern,2021-02-14,349,92792,12,41141,337,51651,0,0,269,46989,79,22840,269,69829,California
Kern,2021-02-15,2738,95530,889,42030,1849,53500,0,0,1208,46675,1522,24362,1208,71037,California
Kern,2021-02-16,2945,98475,719,42749,2226,55726,0,0,1657,47056,1277,25639,1658,72695,California
Kern,2021-02-17,4058,102533,2073,44822,1985,57711,0,0,1927,46858,2126,27765,1928,74623,California
Kern,2021-02-18,3747,106280,1474,46296,2273,59984,0,0,1620,46363,2115,29880,1620,76243,California
Kern,2021-02-19,4194,110474,1915,48211,2279,62263,0,0,1739,45654,2448,32328,1739,77982,California
Kern,2021-02-20,2574,113048,969,49180,1605,63868,0,0,1341,45765,1230,33558,1341,79323,California
Kern,2021-02-21,247,113295,141,49321,106,63974,0,0,86,45692,159,33717,86,79409,California
Kern,2021-02-22,2655,115950,1148,50469,1507,65481,0,0,1426,45894,1224,34941,1426,80835,California
Kern,2021-02-23,3533,119483,1115,51584,2418,67899,0,0,1974,46311,1557,36498,1974,82809,California
Kern,2021-02-24,5155,124638,2263,53847,2892,70791,0,0,3073,47306,2078,38576,3073,85882,California
Kern,2021-02-25,5349,129987,2445,56292,2904,73695,0,0,3173,48321,2158,40734,3173,89055,California
Kern,2021-02-26,6879,136866,3515,59807,3364,77059,0,0,4354,50158,2518,43252,4355,93410,California
Kern,2021-02-27,3850,140716,1891,61698,1959,79018,0,0,2517,51349,1326,44578,2517,95927,California
Kern,2021-02-28,906,141622,497,62195,409,79427,0,0,690,51825,214,44792,690,96617,California
Kern,2021-03-01,3973,145595,1801,63996,2172,81599,0,0,2686,53230,1281,46073,2686,99303,California
Kern,2021-03-02,4360,149955,1369,65365,2990,84589,1,1,2859,54598,1491,47564,2859,102162,California
Kern,2021-03-03,5746,155701,2672,68037,3074,87663,0,1,3664,56195,2068,49632,3665,105827,California
Kern,2021-03-04,5508,161209,2122,70159,3384,91047,2,3,3520,57741,1975,51607,3521,109348,California
Kern,2021-03-05,6447,167656,2660,72819,3770,94817,17,20,4032,59382,2408,54015,4049,113397,California
Kern,2021-03-06,4705,172361,1911,74730,2693,97510,101,121,3442,61671,1254,55269,3543,116940,California
Kern,2021-03-07,2041,174402,1584,76314,410,97920,47,168,1852,63382,188,55457,1899,118839,California
Kern,2021-03-08,2799,177201,851,77165,1735,99655,213,381,1454,63705,1342,56799,1665,120504,California
Kern,2021-03-09,3588,180789,770,77935,2435,102090,383,764,2196,64895,1387,58186,2577,123081,California
Kern,2021-03-10,6011,186800,2458,80393,2483,104573,1070,1834,3497,66959,2503,60689,4567,127648,California
Kern,2021-03-11,6269,193069,2397,82790,2847,107420,1025,2859,3724,69172,2534,63223,4747,132395,California
Kern,2021-03-12,7648,200717,2916,85706,3382,110802,1350,4209,4148,71171,3490,66713,5489,137884,California
Kern,2021-03-13,4417,205134,2297,88003,1785,112587,335,4544,3002,73092,1410,68123,3331,141215,California
Kern,2021-03-14,2262,207396,1414,89417,610,113197,238,4782,1747,74561,513,68636,1982,143197,California
Kern,2021-03-15,4229,211625,1076,90493,2440,115637,713,5495,2167,75388,2051,70687,2878,146075,California
Kern,2021-03-16,4302,215927,998,91491,2776,118413,528,6023,2311,76242,1982,72669,2836,148911,California
Kern,2021-03-17,7210,223137,3793,95284,2861,121274,556,6579,4282,78161,2918,75587,4837,153748,California
Kern,2021-03-18,6937,230074,3374,98658,2988,124262,575,7154,4121,80056,2798,78385,4693,158441,California
Kern,2021-03-19,8653,238727,4714,103372,3291,127553,648,7802,4469,80997,4171,82556,5112,163553,California
Kern,2021-03-20,5920,244647,3578,106950,2169,129722,173,7975,3799,82859,2111,84667,3973,167526,California
Kern,2021-03-21,2856,247503,1739,108689,240,129962,877,8852,1687,84260,1164,85831,2565,170091,California
Kern,2021-03-22,3900,251403,1517,110206,2027,131989,356,9208,1890,84504,2002,87833,2246,172337,California
Kern,2021-03-23,4600,256003,1637,111843,2783,134772,180,9388,2441,84993,2129,89962,2618,174955,California
Kern,2021-03-24,6947,262950,3492,115335,2984,137756,471,9859,3641,85811,3292,93254,4110,179065,California
Kern,2021-03-25,6573,269523,2860,118195,3391,141147,322,10181,3285,86145,3273,96527,3607,182672,California
Kern,2021-03-26,9374,278897,4128,122323,3994,145141,1252,11433,4644,87329,4713,101240,5897,188569,California
Kern,2021-03-27,5423,284320,3723,126046,1574,146715,126,11559,3291,88624,2122,103362,3417,191986,California
Kern,2021-03-28,4211,288531,3726,129772,471,147186,14,11573,2666,89766,1538,104900,2680,194666,California
Kern,2021-03-29,4166,292697,1623,131395,2264,149450,279,11852,2601,91093,1552,106452,2879,197545,California
Kern,2021-03-30,5406,298103,1799,133194,3302,152752,305,12157,3065,92128,2334,108786,3369,200914,California
Kern,2021-03-31,8059,306162,4232,137426,3183,155935,644,12801,4283,93292,3763,112549,4927,205841,California
Kern,2021-04-01,7562,313724,3621,141047,3646,159581,295,13096,4091,94218,3457,116006,4383,210224,California
Kern,2021-04-02,8096,321820,4179,145226,3312,162893,605,13701,4072,94884,4008,120014,4674,214898,California
Kern,2021-04-03,5643,327463,3359,148585,2103,164996,181,13882,2562,94556,3070,123084,2742,217640,California
Kern,2021-04-04,1222,328685,766,149351,372,165368,84,13966,446,94312,774,123858,530,218170,California
Kern,2021-04-05,5278,333963,2173,151524,2344,167712,761,14727,2844,95492,2423,126281,3603,221773,California
Kern,2021-04-06,6604,340567,2394,153918,3016,170728,1194,15921,3529,97157,3058,129339,4723,226496,California
Kern,2021-04-07,9207,349774,5370,159288,2889,173617,948,16869,4635,98182,4557,133896,5582,232078,California
Kern,2021-04-08,8536,358310,4730,164018,2911,176528,895,17764,3912,98384,4604,138500,4806,236884,California
Kern,2021-04-09,8905,367215,4395,168413,3550,180078,960,18724,3865,98188,5019,143519,4823,241707,California
Kern,2021-04-10,6504,373719,3429,171842,1841,181919,1234,19958,2301,97524,4196,147715,3532,245239,California
Kern,2021-04-11,3765,377484,2890,174732,356,182275,519,20477,1430,97145,2326,150041,1947,247186,California
Kern,2021-04-12,4161,381645,954,175686,2326,184601,881,21358,1528,96932,2621,152662,2408,249594,California
Kern,2021-04-13,4004,385649,1314,177000,2686,187287,4,21362,1963,96869,2031,154693,1968,251562,California
Kern,2021-04-14,5259,390908,2401,179401,2837,190124,21,21383,2688,97022,2555,157248,2708,254270,California
Kern,2021-04-15,4568,395476,2053,181454,2513,192637,2,21385,2229,96922,2331,159579,2231,256501,California
Kern,2021-04-16,4574,400050,2863,184317,1711,194348,0,21385,2129,96618,2435,162014,2131,258632,California
Kings,2020-12-16,1,1,1,1,0,0,0,0,1,1,0,0,1,1,California
Kings,2020-12-17,8,9,8,9,0,0,0,0,8,9,0,0,8,9,California
Kings,2020-12-18,12,21,12,21,0,0,0,0,12,21,0,0,12,21,California
Kings,2020-12-19,11,32,11,32,0,0,0,0,11,32,0,0,11,32,California
Kings,2020-12-20,13,45,13,45,0,0,0,0,13,45,0,0,13,45,California
Kings,2020-12-21,155,200,155,200,0,0,0,0,271,316,0,0,271,316,California
Kings,2020-12-22,143,343,143,343,0,0,0,0,140,456,0,0,140,456,California
Kings,2020-12-23,134,477,122,465,12,12,0,0,135,591,0,0,135,591,California
Kings,2020-12-24,11,488,9,474,2,14,0,0,11,602,0,0,11,602,California
Kings,2020-12-26,7,495,4,478,3,17,0,0,7,609,0,0,7,609,California
Kings,2020-12-27,4,499,4,482,0,17,0,0,4,613,0,0,4,613,California
Kings,2020-12-28,131,630,103,585,28,45,0,0,132,745,0,0,132,745,California
Kings,2020-12-29,78,708,51,636,27,72,0,0,79,824,0,0,79,824,California
Kings,2020-12-30,147,855,108,744,39,111,0,0,147,971,0,0,147,971,California
Kings,2020-12-31,44,899,6,750,38,149,0,0,44,1015,0,0,44,1015,California
Kings,2021-01-01,1,900,0,750,1,150,0,0,1,1016,0,0,1,1016,California
Kings,2021-01-02,10,910,9,759,1,151,0,0,10,1026,0,0,10,1026,California
Kings,2021-01-04,112,1022,42,801,70,221,0,0,112,1138,0,0,112,1138,California
Kings,2021-01-05,197,1219,39,840,158,379,0,0,197,1335,0,0,197,1335,California
Kings,2021-01-06,276,1495,177,1017,99,478,0,0,273,1605,3,3,273,1608,California
Kings,2021-01-07,178,1673,81,1098,97,575,0,0,170,1767,8,11,170,1778,California
Kings,2021-01-08,247,1920,54,1152,193,768,0,0,228,1976,19,30,228,2006,California
Kings,2021-01-09,63,1983,9,1161,54,822,0,0,55,2023,8,38,55,2061,California
Kings,2021-01-10,15,1998,3,1164,12,834,0,0,12,2032,3,41,12,2073,California
Kings,2021-01-11,519,2517,357,1521,162,996,0,0,275,2064,244,285,276,2349,California
Kings,2021-01-12,350,2867,253,1774,97,1093,0,0,216,2149,131,416,216,2565,California
Kings,2021-01-13,413,3280,266,2040,147,1240,0,0,322,2380,91,507,322,2887,California
Kings,2021-01-14,208,3488,31,2071,177,1417,0,0,198,2558,21,528,199,3086,California
Kings,2021-01-15,415,3903,29,2100,386,1803,0,0,403,2949,12,540,403,3489,California
Kings,2021-01-16,31,3934,12,2112,19,1822,0,0,30,2978,1,541,30,3519,California
Kings,2021-01-17,8,3942,5,2117,3,1825,0,0,6,2982,2,543,6,3525,California
Kings,2021-01-18,172,4114,40,2157,132,1957,0,0,146,3102,26,569,146,3671,California
Kings,2021-01-19,376,4490,158,2315,218,2175,0,0,248,3222,128,697,248,3919,California
Kings,2021-01-20,224,4714,134,2449,90,2265,0,0,119,3240,101,798,119,4038,California
Kings,2021-01-21,186,4900,32,2481,154,2419,0,0,172,3396,16,814,172,4210,California
Kings,2021-01-22,125,5025,38,2519,87,2506,0,0,125,3516,5,819,125,4335,California
Kings,2021-01-23,26,5051,14,2533,12,2518,0,0,20,3530,6,825,20,4355,California
Kings,2021-01-24,4,5055,4,2537,0,2518,0,0,2,3530,2,827,2,4357,California
Kings,2021-01-25,124,5179,26,2563,98,2616,0,0,90,3586,34,861,90,4447,California
Kings,2021-01-26,154,5333,35,2598,119,2735,0,0,115,3662,39,900,115,4562,California
Kings,2021-01-27,318,5651,34,2632,284,3019,0,0,248,3841,69,969,248,4810,California
Kings,2021-01-28,324,5975,46,2678,278,3297,0,0,270,4057,54,1023,270,5080,California
Kings,2021-01-29,86,6061,26,2704,60,3357,0,0,69,4109,17,1040,69,5149,California
Kings,2021-01-30,1555,7616,31,2735,1524,4881,0,0,1552,5660,3,1043,1554,6703,California
Kings,2021-02-01,199,7815,65,2800,134,5015,0,0,71,5605,126,1169,71,6774,California
Kings,2021-02-02,226,8041,14,2814,212,5227,0,0,81,5542,144,1313,81,6855,California
Kings,2021-02-03,356,8397,191,3005,165,5392,0,0,203,5593,152,1465,203,7058,California
Kings,2021-02-04,394,8791,98,3103,296,5688,0,0,198,5596,195,1660,198,7256,California
Kings,2021-02-05,255,9046,13,3116,242,5930,0,0,100,5543,153,1813,100,7356,California
Kings,2021-02-06,60,9106,10,3126,50,5980,0,0,27,5537,33,1846,27,7383,California
Kings,2021-02-07,5,9111,3,3129,2,5982,0,0,3,5538,2,1848,3,7386,California
Kings,2021-02-08,169,9280,29,3158,140,6122,0,0,68,5505,101,1949,68,7454,California
Kings,2021-02-09,253,9533,57,3215,196,6318,0,0,110,5474,141,2090,110,7564,California
Kings,2021-02-10,286,9819,112,3327,174,6492,0,0,173,5534,113,2203,173,7737,California
Kings,2021-02-11,429,10248,65,3392,364,6856,0,0,318,5742,110,2313,318,8055,California
Kings,2021-02-12,611,10859,36,3428,575,7431,0,0,341,5813,270,2583,341,8396,California
Kings,2021-02-13,103,10962,6,3434,97,7528,0,0,78,5866,25,2608,78,8474,California
Kings,2021-02-14,102,11064,4,3438,98,7626,0,0,94,5952,8,2616,94,8568,California
Kings,2021-02-15,246,11310,5,3443,241,7867,0,0,137,5981,108,2724,137,8705,California
Kings,2021-02-16,484,11794,33,3476,451,8318,0,0,250,5998,233,2957,250,8955,California
Kings,2021-02-17,378,12172,22,3498,356,8674,0,0,241,6103,137,3094,242,9197,California
Kings,2021-02-18,154,12326,22,3520,132,8806,0,0,98,6145,56,3150,98,9295,California
Kings,2021-02-19,157,12483,22,3542,135,8941,0,0,101,6193,53,3203,101,9396,California
Kings,2021-02-20,171,12654,40,3582,131,9072,0,0,134,6290,37,3240,134,9530,California
Kings,2021-02-21,3,12657,2,3584,1,9073,0,0,3,6293,0,3240,3,9533,California
Kings,2021-02-22,110,12767,19,3603,91,9164,0,0,51,6285,59,3299,51,9584,California
Kings,2021-02-23,294,13061,69,3672,225,9389,0,0,177,6345,117,3416,177,9761,California
Kings,2021-02-24,591,13652,153,3825,438,9827,0,0,379,6512,212,3628,379,10140,California
Kings,2021-02-25,661,14313,112,3937,549,10376,0,0,443,6739,216,3844,443,10583,California
Kings,2021-02-26,655,14968,130,4067,525,10901,0,0,592,7269,62,3906,592,11175,California
Kings,2021-02-27,1497,16465,62,4129,1435,12336,0,0,564,6901,932,4838,564,11739,California
Kings,2021-02-28,1168,17633,594,4723,574,12910,0,0,671,7078,494,5332,671,12410,California
Kings,2021-03-01,256,17889,77,4800,179,13089,0,0,212,7246,44,5376,212,12622,California
Kings,2021-03-02,467,18356,205,5005,262,13351,0,0,418,7616,49,5425,419,13041,California
Kings,2021-03-03,613,18969,292,5297,321,13672,0,0,428,7860,184,5609,428,13469,California
Kings,2021-03-04,710,19679,341,5638,369,14041,0,0,616,8383,94,5703,617,14086,California
Kings,2021-03-05,1006,20685,349,5987,648,14689,9,9,890,9167,116,5819,900,14986,California
Kings,2021-03-06,509,21194,183,6170,313,15002,13,22,480,9631,29,5848,493,15479,California
Kings,2021-03-07,366,21560,225,6395,137,15139,4,26,358,9985,8,5856,362,15841,California
Kings,2021-03-08,348,21908,96,6491,199,15338,53,79,239,10167,109,5965,291,16132,California
Kings,2021-03-09,492,22400,216,6707,221,15559,55,134,387,10505,105,6070,443,16575,California
Kings,2021-03-10,499,22899,122,6829,286,15845,91,225,318,10733,180,6250,408,16983,California
Kings,2021-03-11,1015,23914,306,7135,599,16444,110,335,611,11052,402,6652,721,17704,California
Kings,2021-03-12,1284,25198,391,7526,799,17243,94,429,883,11631,400,7052,979,18683,California
Kings,2021-03-13,673,25871,333,7859,295,17538,45,474,546,12096,127,7179,592,19275,California
Kings,2021-03-14,666,26537,101,7960,183,17721,382,856,199,12210,467,7646,581,19856,California
Kings,2021-03-15,609,27146,175,8135,319,18040,115,971,373,12465,235,7881,490,20346,California
Kings,2021-03-16,1039,28185,438,8573,540,18580,61,1032,705,12897,334,8215,766,21112,California
Kings,2021-03-17,1083,29268,418,8991,604,19184,61,1093,766,13414,317,8532,834,21946,California
Kings,2021-03-18,1087,30355,466,9457,401,19585,220,1313,757,14065,329,8861,980,22926,California
Kings,2021-03-19,929,31284,469,9926,375,19960,85,1398,711,14656,218,9079,809,23735,California
Kings,2021-03-20,622,31906,253,10179,339,20299,30,1428,450,14973,170,9249,487,24222,California
Kings,2021-03-21,1400,33306,1086,11265,303,20602,11,1439,847,15278,553,9802,858,25080,California
Kings,2021-03-22,448,33754,203,11468,162,20764,83,1522,275,15467,173,9975,362,25442,California
Kings,2021-03-23,891,34645,490,11958,342,21106,59,1581,574,15788,315,10290,636,26078,California
Kings,2021-03-24,907,35552,468,12426,416,21522,23,1604,503,15914,402,10692,528,26606,California
Kings,2021-03-25,879,36431,441,12867,412,21934,26,1630,441,15945,436,11128,467,27073,California
Kings,2021-03-26,1279,37710,376,13243,818,22752,85,1715,529,15814,745,11873,614,27687,California
Kings,2021-03-27,616,38326,246,13489,358,23110,12,1727,171,15554,443,12316,183,27870,California
Kings,2021-03-28,540,38866,469,13958,64,23174,7,1734,335,15699,205,12521,350,28220,California
Kings,2021-03-29,453,39319,198,14156,195,23369,60,1794,248,15803,203,12724,307,28527,California
Kings,2021-03-30,823,40142,451,14607,334,23703,38,1832,435,15889,387,13111,473,29000,California
Kings,2021-03-31,715,40857,369,14976,282,23985,64,1896,415,16074,294,13405,479,29479,California
Kings,2021-04-01,744,41601,373,15349,292,24277,79,1975,339,16093,399,13804,418,29897,California
Kings,2021-04-02,970,42571,420,15769,428,24705,122,2097,427,16102,539,14343,548,30445,California
Kings,2021-04-03,471,43042,327,16096,136,24841,8,2105,158,15963,307,14650,168,30613,California
Kings,2021-04-04,156,43198,82,16178,68,24909,6,2111,44,15902,111,14761,50,30663,California
Kings,2021-04-05,1035,44233,319,16497,466,25375,250,2361,253,15624,781,15542,503,31166,California
Kings,2021-04-06,1172,45405,446,16943,419,25794,307,2668,292,15345,877,16419,598,31764,California
Kings,2021-04-07,1332,46737,637,17580,511,26305,184,2852,411,15021,919,17338,595,32359,California
Kings,2021-04-08,1601,48338,627,18207,721,27026,253,3105,370,14421,1223,18561,623,32982,California
Kings,2021-04-09,951,49289,446,18653,339,27365,166,3271,181,13997,769,19330,345,33327,California
Kings,2021-04-10,582,49871,327,18980,153,27518,102,3373,171,13860,410,19740,273,33600,California
Kings,2021-04-11,322,50193,74,19054,242,27760,6,3379,190,13924,132,19872,196,33796,California
Kings,2021-04-12,567,50760,215,19269,176,27936,176,3555,137,13809,428,20300,313,34109,California
Kings,2021-04-13,839,51599,481,19750,358,28294,0,3555,272,13520,566,20866,277,34386,California
Kings,2021-04-14,875,52474,454,20204,421,28715,0,3555,320,13286,555,21421,321,34707,California
Kings,2021-04-15,888,53362,470,20674,417,29132,1,3556,387,13175,499,21920,388,35095,California
Kings,2021-04-16,449,53811,96,20770,353,29485,0,3556,141,13009,307,22227,141,35236,California
Lake,2020-12-17,4,4,4,4,0,0,0,0,4,4,0,0,4,4,California
Lake,2020-12-18,51,55,51,55,0,0,0,0,51,55,0,0,51,55,California
Lake,2020-12-19,3,58,3,58,0,0,0,0,3,58,0,0,3,58,California
Lake,2020-12-20,6,64,6,64,0,0,0,0,6,64,0,0,6,64,California
Lake,2020-12-21,86,150,86,150,0,0,0,0,86,150,0,0,86,150,California
Lake,2020-12-22,63,213,60,210,3,3,0,0,63,213,0,0,63,213,California
Lake,2020-12-23,123,336,114,324,9,12,0,0,123,336,0,0,123,336,California
Lake,2020-12-24,2,338,0,324,2,14,0,0,2,338,0,0,2,338,California
Lake,2020-12-26,2,340,2,326,0,14,0,0,2,340,0,0,2,340,California
Lake,2020-12-27,2,342,2,328,0,14,0,0,2,342,0,0,2,342,California
Lake,2020-12-28,52,394,43,371,9,23,0,0,52,394,0,0,52,394,California
Lake,2020-12-29,49,443,44,415,5,28,0,0,49,443,0,0,49,443,California
Lake,2020-12-30,124,567,117,532,7,35,0,0,124,567,0,0,124,567,California
Lake,2020-12-31,67,634,64,596,3,38,0,0,67,634,0,0,67,634,California
Lake,2021-01-01,1,635,0,596,1,39,0,0,1,635,0,0,1,635,California
Lake,2021-01-02,2,637,1,597,1,40,0,0,2,637,0,0,2,637,California
Lake,2021-01-04,87,724,21,618,66,106,0,0,87,724,0,0,87,724,California
Lake,2021-01-05,119,843,59,677,60,166,0,0,117,839,2,2,117,841,California
Lake,2021-01-06,105,948,65,742,40,206,0,0,103,940,2,4,103,944,California
Lake,2021-01-07,103,1051,82,824,21,227,0,0,94,1025,9,13,94,1038,California
Lake,2021-01-08,152,1203,124,948,28,255,0,0,100,1073,52,65,100,1138,California
Lake,2021-01-09,63,1266,61,1009,2,257,0,0,59,1128,4,69,59,1197,California
Lake,2021-01-10,3,1269,3,1012,0,257,0,0,0,1125,3,72,0,1197,California
Lake,2021-01-11,192,1461,151,1163,41,298,0,0,112,1157,80,152,112,1309,California
Lake,2021-01-12,80,1541,48,1211,32,330,0,0,56,1189,24,176,56,1365,California
Lake,2021-01-13,164,1705,112,1323,52,382,0,0,107,1239,57,233,107,1472,California
Lake,2021-01-14,146,1851,46,1369,100,482,0,0,124,1341,22,255,124,1596,California
Lake,2021-01-15,215,2066,92,1461,123,605,0,0,188,1502,27,282,188,1784,California
Lake,2021-01-16,135,2201,82,1543,53,658,0,0,133,1633,2,284,133,1917,California
Lake,2021-01-17,18,2219,6,1549,12,670,0,0,12,1639,6,290,12,1929,California
Lake,2021-01-18,244,2463,224,1773,20,690,0,0,126,1647,118,408,126,2055,California
Lake,2021-01-19,311,2774,117,1890,194,884,0,0,266,1869,45,453,267,2322,California
Lake,2021-01-20,421,3195,80,1970,341,1225,0,0,357,2163,63,516,357,2679,California
Lake,2021-01-21,433,3628,49,2019,384,1609,0,0,398,2526,35,551,398,3077,California
Lake,2021-01-22,317,3945,46,2065,271,1880,0,0,281,2771,36,587,281,3358,California
Lake,2021-01-23,122,4067,5,2070,117,1997,0,0,121,2891,1,588,121,3479,California
Lake,2021-01-24,4,4071,1,2071,3,2000,0,0,4,2895,0,588,4,3483,California
Lake,2021-01-25,256,4327,95,2166,161,2161,0,0,175,2989,81,669,175,3658,California
Lake,2021-01-26,428,4755,36,2202,392,2553,0,0,405,3371,23,692,405,4063,California
Lake,2021-01-27,356,5111,39,2241,317,2870,0,0,329,3674,27,719,330,4393,California
Lake,2021-01-28,500,5611,160,2401,340,3210,0,0,372,3918,128,847,372,4765,California
Lake,2021-01-29,636,6247,83,2484,553,3763,0,0,576,4434,60,907,576,5341,California
Lake,2021-01-30,556,6803,45,2529,511,4274,0,0,550,4978,6,913,550,5891,California
Lake,2021-01-31,14,6817,8,2537,6,4280,0,0,12,4988,2,915,12,5903,California
Lake,2021-02-01,179,6996,18,2555,161,4441,0,0,166,5141,13,928,166,6069,California
Lake,2021-02-02,563,7559,153,2708,410,4851,0,0,398,5374,165,1093,398,6467,California
Lake,2021-02-03,444,8003,33,2741,411,5262,0,0,340,5610,104,1197,340,6807,California
Lake,2021-02-04,118,8121,68,2809,50,5312,0,0,72,5636,46,1243,72,6879,California
Lake,2021-02-05,376,8497,68,2877,308,5620,0,0,287,5836,87,1330,287,7166,California
Lake,2021-02-06,278,8775,42,2919,236,5856,0,0,266,6090,12,1342,266,7432,California
Lake,2021-02-07,2,8777,1,2920,1,5857,0,0,2,6092,0,1342,2,7434,California
Lake,2021-02-08,279,9056,206,3126,73,5930,0,0,160,6133,119,1461,160,7594,California
Lake,2021-02-09,346,9402,25,3151,321,6251,0,0,302,6392,43,1504,302,7896,California
Lake,2021-02-10,351,9753,54,3205,297,6548,0,0,275,6591,76,1580,275,8171,California
Lake,2021-02-11,167,9920,17,3222,150,6698,0,0,55,6534,112,1692,55,8226,California
Lake,2021-02-12,375,10295,28,3250,347,7045,0,0,289,6737,86,1778,289,8515,California
Lake,2021-02-13,249,10544,9,3259,240,7285,0,0,238,6964,11,1789,238,8753,California
Lake,2021-02-14,19,10563,4,3263,15,7300,0,0,6,6957,13,1802,6,8759,California
Lake,2021-02-15,172,10735,13,3276,159,7459,0,0,8,6802,163,1965,8,8767,California
Lake,2021-02-16,420,11155,22,3298,398,7857,0,0,174,6730,246,2211,174,8941,California
Lake,2021-02-17,350,11505,53,3351,297,8154,0,0,70,6521,279,2490,70,9011,California
Lake,2021-02-18,457,11962,69,3420,388,8542,0,0,115,6294,342,2832,115,9126,California
Lake,2021-02-19,414,12376,25,3445,389,8931,0,0,90,6060,324,3156,90,9216,California
Lake,2021-02-20,294,12670,60,3505,234,9165,0,0,251,6269,42,3198,251,9467,California
Lake,2021-02-21,6,12676,6,3511,0,9165,0,0,0,6263,6,3204,0,9467,California
Lake,2021-02-22,138,12814,23,3534,115,9280,0,0,43,6211,95,3299,43,9510,California
Lake,2021-02-23,212,13026,15,3549,197,9477,0,0,26,6051,186,3485,26,9536,California
Lake,2021-02-24,956,13982,378,3927,578,10055,0,0,418,5932,537,4022,418,9954,California
Lake,2021-02-25,733,14715,464,4391,269,10324,0,0,472,6145,259,4281,472,10426,California
Lake,2021-02-26,993,15708,303,4694,690,11014,0,0,347,5849,643,4924,347,10773,California
Lake,2021-02-27,410,16118,97,4791,313,11327,0,0,328,6095,82,5006,328,11101,California
Lake,2021-02-28,19,16137,13,4804,6,11333,0,0,10,6096,9,5015,10,11111,California
Lake,2021-03-01,594,16731,52,4856,542,11875,0,0,442,6386,152,5167,442,11553,California
Lake,2021-03-02,744,17475,18,4874,726,12601,0,0,291,6223,454,5621,291,11844,California
Lake,2021-03-03,359,17834,196,5070,163,12764,0,0,135,6134,224,5845,135,11979,California
Lake,2021-03-04,576,18410,508,5578,68,12832,0,0,562,6682,14,5859,562,12541,California
Lake,2021-03-05,1036,19446,38,5616,998,13830,0,0,173,5996,859,6718,173,12714,California
Lake,2021-03-06,36,19482,11,5627,24,13854,1,1,21,6003,15,6733,22,12736,California
Lake,2021-03-07,7,19489,5,5632,2,13856,0,1,4,6004,3,6736,4,12740,California
Lake,2021-03-08,338,19827,267,5899,62,13918,9,10,298,6271,40,6776,307,13047,California
Lake,2021-03-09,917,20744,28,5927,872,14790,17,27,394,6160,522,7298,411,13458,California
Lake,2021-03-10,204,20948,60,5987,131,14921,13,40,136,6241,68,7366,149,13607,California
Lake,2021-03-11,584,21532,47,6034,62,14983,475,515,49,6230,535,7901,524,14131,California
Lake,2021-03-12,857,22389,205,6239,628,15611,24,539,365,6128,491,8392,389,14520,California
Lake,2021-03-13,278,22667,21,6260,20,15631,237,776,16,6119,261,8653,252,14772,California
Lake,2021-03-14,11,22678,2,6262,9,15640,0,776,7,6122,4,8657,7,14779,California
Lake,2021-03-15,641,23319,14,6276,610,16250,17,793,483,6464,158,8815,500,15279,California
Lake,2021-03-16,1104,24423,829,7105,258,16508,17,810,445,6270,655,9470,461,15740,California
Lake,2021-03-17,246,24669,120,7225,104,16612,22,832,88,6222,158,9628,110,15850,California
Lake,2021-03-18,747,25416,367,7592,343,16955,37,869,372,6256,374,10002,408,16258,California
Lake,2021-03-19,584,26000,317,7909,247,17202,20,889,482,6657,101,10103,502,16760,California
Lake,2021-03-20,248,26248,8,7917,237,17439,3,892,30,6474,216,10319,33,16793,California
Lake,2021-03-21,17,26265,11,7928,5,17444,1,893,12,6482,5,10324,13,16806,California
Lake,2021-03-22,319,26584,240,8168,65,17509,14,907,234,6645,85,10409,248,17054,California
Lake,2021-03-23,413,26997,19,8187,381,17890,13,920,352,6950,60,10469,365,17419,California
Lake,2021-03-24,413,27410,61,8248,344,18234,8,928,317,7181,95,10564,326,17745,California
Lake,2021-03-25,658,28068,469,8717,183,18417,6,934,174,6877,484,11048,180,17925,California
Lake,2021-03-26,71,28139,33,8750,37,18454,1,935,49,6905,22,11070,50,17975,California
Lake,2021-03-27,309,28448,7,8757,299,18753,3,938,17,6635,290,11360,20,17995,California
Lake,2021-03-28,14,28462,5,8762,9,18762,0,938,8,6637,6,11366,8,18003,California
Lake,2021-03-29,899,29361,269,9031,628,19390,2,940,193,6128,704,12070,195,18198,California
Lake,2021-03-30,449,29810,303,9334,144,19534,2,942,364,6409,85,12155,366,18564,California
Lake,2021-03-31,581,30391,62,9396,519,20053,0,942,416,6668,157,12312,416,18980,California
Lake,2021-04-01,427,30818,223,9619,192,20245,12,954,179,6614,245,12557,191,19171,California
Lake,2021-04-02,224,31042,43,9662,153,20398,28,982,101,6620,123,12680,129,19300,California
Lake,2021-04-03,30,31072,7,9669,20,20418,3,985,11,6615,19,12699,14,19314,California
Lake,2021-04-04,19,31091,10,9679,7,20425,2,987,14,6626,5,12704,16,19330,California
Lake,2021-04-05,633,31724,68,9747,546,20971,19,1006,395,6804,235,12939,413,19743,California
Lake,2021-04-06,467,32191,15,9762,426,21397,26,1032,299,6962,167,13106,325,20068,California
Lake,2021-04-07,515,32706,55,9817,410,21807,50,1082,350,7199,163,13269,400,20468,California
Lake,2021-04-08,595,33301,483,10300,45,21852,67,1149,101,6875,492,13761,168,20636,California
Lake,2021-04-09,283,33584,44,10344,170,22022,69,1218,49,6762,231,13992,118,20754,California
Lake,2021-04-10,254,33838,15,10359,14,22036,225,1443,11,6755,243,14235,236,20990,California
Lake,2021-04-11,23,33861,17,10376,3,22039,3,1446,7,6749,16,14251,10,21000,California
Lake,2021-04-12,903,34764,202,10578,670,22709,31,1477,227,6332,675,14926,258,21258,California
Lake,2021-04-13,169,34933,108,10686,61,22770,0,1477,51,6265,118,15044,51,21309,California
Lake,2021-04-14,480,35413,29,10715,451,23221,0,1477,424,6633,56,15100,424,21733,California
Lake,2021-04-15,532,35945,120,10835,412,23633,0,1477,250,6601,282,15382,250,21983,California
Lake,2021-04-16,215,36160,19,10854,195,23828,1,1478,38,6464,176,15558,39,22022,California
Lassen,2020-12-16,8,8,8,8,0,0,0,0,8,8,0,0,8,8,California
Lassen,2020-12-17,6,14,6,14,0,0,0,0,6,14,0,0,6,14,California
Lassen,2020-12-18,1,15,1,15,0,0,0,0,1,15,0,0,1,15,California
Lassen,2020-12-19,5,20,5,20,0,0,0,0,5,20,0,0,5,20,California
Lassen,2020-12-20,2,22,2,22,0,0,0,0,2,22,0,0,2,22,California
Lassen,2020-12-21,11,33,11,33,0,0,0,0,11,33,0,0,11,33,California
Lassen,2020-12-22,23,56,23,56,0,0,0,0,23,56,0,0,23,56,California
Lassen,2020-12-23,6,62,6,62,0,0,0,0,6,62,0,0,6,62,California
Lassen,2020-12-24,11,73,11,73,0,0,0,0,11,73,0,0,11,73,California
Lassen,2020-12-28,3,76,2,75,1,1,0,0,3,76,0,0,3,76,California
Lassen,2020-12-29,35,111,35,110,0,1,0,0,35,111,0,0,35,111,California
Lassen,2020-12-30,37,148,36,146,1,2,0,0,37,148,0,0,37,148,California
Lassen,2020-12-31,49,197,42,188,7,9,0,0,49,197,0,0,49,197,California
Lassen,2021-01-02,1,198,0,188,1,10,0,0,1,198,0,0,1,198,California
Lassen,2021-01-04,15,213,1,189,14,24,0,0,15,213,0,0,15,213,California
Lassen,2021-01-05,194,407,53,242,141,165,0,0,194,407,0,0,194,407,California
Lassen,2021-01-06,93,500,42,284,51,216,0,0,85,485,8,8,86,493,California
Lassen,2021-01-07,43,543,7,291,36,252,0,0,37,516,6,14,37,530,California
Lassen,2021-01-08,50,593,2,293,48,300,0,0,50,566,0,14,50,580,California
Lassen,2021-01-09,12,605,6,299,6,306,0,0,12,578,0,14,12,592,California
Lassen,2021-01-11,27,632,5,304,22,328,0,0,27,605,0,14,27,619,California
Lassen,2021-01-12,49,681,29,333,20,348,0,0,30,616,19,33,30,649,California
Lassen,2021-01-13,161,842,18,351,143,491,0,0,146,747,15,48,146,795,California
Lassen,2021-01-14,163,1005,18,369,145,636,0,0,151,886,12,60,151,946,California
Lassen,2021-01-15,33,1038,6,375,27,663,0,0,33,919,0,60,33,979,California
Lassen,2021-01-16,34,1072,33,408,1,664,0,0,34,953,0,60,34,1013,California
Lassen,2021-01-17,1,1073,0,408,1,665,0,0,1,954,0,60,1,1014,California
Lassen,2021-01-18,5,1078,2,410,3,668,0,0,4,957,1,61,4,1018,California
Lassen,2021-01-19,185,1263,36,446,149,817,0,0,157,1086,28,89,157,1175,California
Lassen,2021-01-20,188,1451,100,546,88,905,0,0,104,1121,69,158,104,1279,California
Lassen,2021-01-21,144,1595,93,639,51,956,0,0,120,1223,18,176,120,1399,California
Lassen,2021-01-22,31,1626,18,657,13,969,0,0,21,1234,10,186,21,1420,California
Lassen,2021-01-23,1,1627,0,657,1,970,0,0,1,1235,0,186,1,1421,California
Lassen,2021-01-24,1,1628,0,657,1,971,0,0,1,1236,0,186,1,1422,California
Lassen,2021-01-25,11,1639,0,657,11,982,0,0,11,1247,0,186,11,1433,California
Lassen,2021-01-26,126,1765,12,669,114,1096,0,0,122,1365,4,190,122,1555,California
Lassen,2021-01-27,83,1848,31,700,52,1148,0,0,67,1416,16,206,67,1622,California
Lassen,2021-01-28,85,1933,14,714,71,1219,0,0,84,1499,1,207,84,1706,California
Lassen,2021-01-29,23,1956,7,721,16,1235,0,0,22,1520,1,208,22,1728,California
Lassen,2021-02-01,62,2018,4,725,58,1293,0,0,36,1530,26,234,36,1764,California
Lassen,2021-02-02,177,2195,12,737,165,1458,0,0,44,1441,133,367,44,1808,California
Lassen,2021-02-03,96,2291,21,758,75,1533,0,0,51,1447,45,412,51,1859,California
Lassen,2021-02-04,112,2403,15,773,97,1630,0,0,63,1461,49,461,63,1922,California
Lassen,2021-02-05,65,2468,12,785,53,1683,0,0,23,1442,42,503,23,1945,California
Lassen,2021-02-06,69,2537,34,819,35,1718,0,0,36,1446,32,535,36,1981,California
Lassen,2021-02-07,1,2538,1,820,0,1718,0,0,1,1447,0,535,1,1982,California
Lassen,2021-02-08,43,2581,4,824,39,1757,0,0,18,1440,25,560,18,2000,California
Lassen,2021-02-09,129,2710,8,832,121,1878,0,0,50,1411,79,639,50,2050,California
Lassen,2021-02-10,182,2892,20,852,162,2040,0,0,75,1379,107,746,75,2125,California
Lassen,2021-02-11,183,3075,16,868,167,2207,0,0,79,1355,103,849,79,2204,California
Lassen,2021-02-12,42,3117,11,879,31,2238,0,0,14,1341,28,877,14,2218,California
Lassen,2021-02-13,11,3128,3,882,8,2246,0,0,9,1348,2,879,9,2227,California
Lassen,2021-02-14,13,3141,0,882,13,2259,0,0,12,1359,1,880,12,2239,California
Lassen,2021-02-15,21,3162,2,884,19,2278,0,0,17,1372,4,884,17,2256,California
Lassen,2021-02-16,192,3354,4,888,188,2466,0,0,31,1244,159,1043,31,2287,California
Lassen,2021-02-17,184,3538,94,982,90,2556,0,0,11,1082,173,1216,11,2298,California
Lassen,2021-02-18,79,3617,22,1004,57,2613,0,0,20,1043,59,1275,20,2318,California
Lassen,2021-02-19,82,3699,62,1066,20,2633,0,0,18,997,64,1339,18,2336,California
Lassen,2021-02-20,7,3706,0,1066,7,2640,0,0,5,1000,2,1341,5,2341,California
Lassen,2021-02-21,22,3728,2,1068,20,2660,0,0,18,1014,4,1345,18,2359,California
Lassen,2021-02-22,23,3751,8,1076,15,2675,0,0,5,1001,18,1363,5,2364,California
Lassen,2021-02-23,152,3903,9,1085,143,2818,0,0,41,931,111,1474,41,2405,California
Lassen,2021-02-24,166,4069,17,1102,149,2967,0,0,108,982,57,1531,108,2513,California
Lassen,2021-02-25,156,4225,19,1121,137,3104,0,0,99,1024,57,1588,99,2612,California
Lassen,2021-02-26,73,4298,16,1137,57,3161,0,0,36,1023,37,1625,36,2648,California
Lassen,2021-02-27,7,4305,7,1144,0,3161,0,0,3,1022,4,1629,3,2651,California
Lassen,2021-02-28,6,4311,1,1145,5,3166,0,0,3,1022,3,1632,3,2654,California
Lassen,2021-03-01,41,4352,4,1149,37,3203,0,0,8,997,33,1665,8,2662,California
Lassen,2021-03-02,104,4456,7,1156,97,3300,0,0,79,1051,25,1690,79,2741,California
Lassen,2021-03-03,170,4626,12,1168,158,3458,0,0,113,1107,57,1747,113,2854,California
Lassen,2021-03-04,147,4773,14,1182,133,3591,0,0,98,1157,48,1795,98,2952,California
Lassen,2021-03-05,47,4820,7,1189,17,3608,23,23,11,1155,36,1831,34,2986,California
Lassen,2021-03-06,54,4874,4,1193,28,3636,22,45,4,1131,50,1881,26,3012,California
Lassen,2021-03-07,56,4930,1,1194,0,3636,55,100,1,1132,55,1936,56,3068,California
Lassen,2021-03-08,90,5020,2,1196,8,3644,80,180,3,1129,86,2022,83,3151,California
Lassen,2021-03-09,137,5157,11,1207,109,3753,17,197,88,1186,49,2071,106,3257,California
Lassen,2021-03-10,172,5329,10,1217,161,3914,1,198,79,1173,93,2164,80,3337,California
Lassen,2021-03-11,185,5514,16,1233,162,4076,7,205,113,1224,69,2233,120,3457,California
Lassen,2021-03-12,34,5548,18,1251,12,4088,4,209,12,1218,22,2255,16,3473,California
Lassen,2021-03-13,49,5597,0,1251,3,4091,46,255,1,1216,48,2303,46,3519,California
Lassen,2021-03-14,14,5611,2,1253,11,4102,1,256,2,1207,12,2315,3,3522,California
Lassen,2021-03-15,32,5643,1,1254,31,4133,0,256,16,1207,16,2331,16,3538,California
Lassen,2021-03-16,93,5736,2,1256,85,4218,6,262,75,1270,18,2349,81,3619,California
Lassen,2021-03-17,1083,6819,9,1265,1069,5287,5,267,1063,2318,20,2369,1068,4687,California
Lassen,2021-03-18,95,6914,9,1274,85,5372,1,268,81,2386,14,2383,82,4769,California
Lassen,2021-03-19,17,6931,11,1285,2,5374,4,272,7,2387,10,2393,11,4780,California
Lassen,2021-03-20,29,6960,3,1288,23,5397,3,275,23,2407,6,2399,26,4806,California
Lassen,2021-03-21,34,6994,0,1288,34,5431,0,275,14,2402,19,2418,14,4820,California
Lassen,2021-03-22,55,7049,0,1288,55,5486,0,275,52,2451,3,2421,52,4872,California
Lassen,2021-03-23,119,7168,9,1297,109,5595,1,276,68,2469,51,2472,69,4941,California
Lassen,2021-03-24,210,7378,12,1309,198,5793,0,276,106,2472,103,2575,106,5047,California
Lassen,2021-03-25,151,7529,21,1330,130,5923,0,276,69,2459,82,2657,69,5116,California
Lassen,2021-03-26,76,7605,12,1342,25,5948,39,315,17,2456,59,2716,56,5172,California
Lassen,2021-03-27,19,7624,3,1345,1,5949,15,330,3,2458,16,2732,18,5190,California
Lassen,2021-03-28,18,7642,3,1348,5,5954,10,340,4,2458,14,2746,14,5204,California
Lassen,2021-03-29,52,7694,1,1349,26,5980,25,365,21,2473,31,2777,46,5250,California
Lassen,2021-03-30,197,7891,9,1358,163,6143,25,390,50,2401,147,2924,75,5325,California
Lassen,2021-03-31,146,8037,12,1370,112,6255,22,412,62,2401,84,3008,84,5409,California
Lassen,2021-04-01,166,8203,16,1386,131,6386,19,431,49,2353,116,3124,68,5477,California
Lassen,2021-04-02,29,8232,4,1390,3,6389,22,453,2,2350,27,3151,24,5501,California
Lassen,2021-04-03,12,8244,0,1390,2,6391,10,463,0,2348,12,3163,10,5511,California
Lassen,2021-04-04,7,8251,2,1392,0,6391,5,468,1,2348,6,3169,6,5517,California
Lassen,2021-04-05,23,8274,4,1396,12,6403,7,475,11,2355,11,3180,18,5535,California
Lassen,2021-04-06,183,8457,8,1404,145,6548,30,505,52,2306,131,3311,82,5617,California
Lassen,2021-04-07,136,8593,5,1409,93,6641,38,543,32,2274,104,3415,72,5689,California
Lassen,2021-04-08,169,8762,8,1417,105,6746,56,599,33,2231,132,3547,89,5778,California
Lassen,2021-04-09,51,8813,4,1421,11,6757,36,635,7,2230,43,3590,42,5820,California
Lassen,2021-04-10,8,8821,0,1421,1,6758,7,642,0,2229,8,3598,7,5827,California
Lassen,2021-04-11,5,8826,2,1423,0,6758,3,645,2,2231,3,3601,5,5832,California
Lassen,2021-04-12,23,8849,1,1424,9,6767,13,658,1,2223,22,3623,14,5846,California
Lassen,2021-04-13,121,8970,5,1429,116,6883,0,658,34,2171,86,3709,34,5880,California
Lassen,2021-04-14,876,9846,16,1445,860,7743,0,658,46,1388,829,4538,46,5926,California
Lassen,2021-04-15,37,9883,9,1454,28,7771,0,658,19,1389,18,4556,19,5945,California
Lassen,2021-04-16,6,9889,2,1456,4,7775,0,658,2,1387,4,4560,2,5947,California
Los Angeles,2020-12-15,391,391,391,391,0,0,0,0,391,391,0,0,391,391,California
Los Angeles,2020-12-16,3362,3753,3362,3753,0,0,0,0,3362,3753,0,0,3362,3753,California
Los Angeles,2020-12-17,10228,13981,10228,13981,0,0,0,0,10229,13982,0,0,10229,13982,California
Los Angeles,2020-12-18,14504,28485,14480,28461,24,24,0,0,14504,28486,0,0,14504,28486,California
Los Angeles,2020-12-19,7217,35702,7209,35670,8,32,0,0,7218,35704,0,0,7218,35704,California
Los Angeles,2020-12-20,4573,40275,4566,40236,7,39,0,0,4575,40279,0,0,4575,40279,California
Los Angeles,2020-12-21,13669,53944,13657,53893,12,51,0,0,13670,53948,1,1,13670,53949,California
Los Angeles,2020-12-22,11503,65447,11124,65017,379,430,0,0,11504,65451,1,2,11504,65453,California
Los Angeles,2020-12-23,11870,77317,10114,75131,1756,2186,0,0,11871,77322,0,2,11871,77324,California
Los Angeles,2020-12-24,7009,84326,4243,79374,2766,4952,0,0,7012,84334,0,2,7012,84336,California
Los Angeles,2020-12-25,522,84848,417,79791,105,5057,0,0,522,84856,0,2,522,84858,California
Los Angeles,2020-12-26,2524,87372,2178,81969,346,5403,0,0,2524,87379,1,3,2524,87382,California
Los Angeles,2020-12-27,1753,89125,1023,82992,730,6133,0,0,1753,89132,0,3,1753,89135,California
Los Angeles,2020-12-28,10254,99379,6357,89349,3897,10030,0,0,10252,99383,1,4,10252,99387,California
Los Angeles,2020-12-29,11576,110955,6061,95410,5515,15545,0,0,11578,110961,0,4,11578,110965,California
Los Angeles,2020-12-30,14844,125799,8077,103487,6767,22312,0,0,14843,125804,0,4,14843,125808,California
Los Angeles,2020-12-31,7904,133703,2744,106231,5160,27472,0,0,7902,133705,1,5,7902,133710,California
Los Angeles,2021-01-01,960,134663,253,106484,707,28179,0,0,960,134665,0,5,960,134670,California
Los Angeles,2021-01-02,4435,139098,1649,108133,2786,30965,0,0,4435,139100,0,5,4435,139105,California
Los Angeles,2021-01-03,919,140017,204,108337,715,31680,0,0,918,140017,1,6,918,140023,California
Los Angeles,2021-01-04,12652,152669,4847,113184,7805,39485,0,0,12638,152652,3,9,12638,152661,California
Los Angeles,2021-01-05,15962,168631,7048,120232,8914,48399,0,0,14067,164852,1868,1877,14068,166729,California
Los Angeles,2021-01-06,22478,191109,12040,132272,10438,58837,0,0,16896,176242,5513,7390,16903,183632,California
Los Angeles,2021-01-07,29312,220421,15784,148056,13528,72365,0,0,18826,184638,10440,17830,18836,202468,California
Los Angeles,2021-01-08,33004,253425,17868,165924,15136,87501,0,0,20805,193277,12174,30004,20813,223281,California
Los Angeles,2021-01-09,12327,265752,7052,172976,5275,92776,0,0,7471,195899,4855,34859,7477,230758,California
Los Angeles,2021-01-10,4642,270394,3625,176601,1017,93793,0,0,1915,195089,2727,37586,1917,232675,California
Los Angeles,2021-01-11,25735,296129,16210,192811,9525,103318,0,0,14820,199012,10905,48491,14828,247503,California
Los Angeles,2021-01-12,29151,325280,16048,208859,13103,116421,0,0,19039,207965,10093,58584,19046,266549,California
Los Angeles,2021-01-13,29208,354488,15599,224458,13609,130030,0,0,20276,219332,8914,67498,20281,286830,California
Los Angeles,2021-01-14,29205,383693,12701,237159,16504,146534,0,0,23707,237569,5479,72977,23716,310546,California
Los Angeles,2021-01-15,33722,417415,12327,249486,21395,167929,0,0,30164,264208,3533,76510,30172,340718,California
Los Angeles,2021-01-16,17516,434931,4954,254440,12562,180491,0,0,15741,278186,1767,78277,15745,356463,California
Los Angeles,2021-01-17,5176,440107,2297,256737,2879,183370,0,0,4931,282875,244,78521,4933,361396,California
Los Angeles,2021-01-18,15558,455665,10047,266784,5511,188881,0,0,10856,289043,4690,83211,10858,372254,California
Los Angeles,2021-01-19,38388,494053,20528,287312,17860,206741,0,0,30619,311941,7728,90939,30626,402880,California
Los Angeles,2021-01-20,45493,539546,23690,311002,21803,228544,0,0,38012,342511,7451,98390,38021,440901,California
Los Angeles,2021-01-21,48474,588020,22332,333334,26142,254686,0,0,44227,382566,4186,102576,44241,485142,California
Los Angeles,2021-01-22,47582,635602,22181,355515,25401,280087,0,0,44186,423406,3353,105929,44193,529335,California
Los Angeles,2021-01-23,33872,669474,15657,371172,18215,298302,0,0,31835,453243,2007,107936,31844,561179,California
Los Angeles,2021-01-24,15673,685147,12158,383330,3515,301817,0,0,15126,467830,540,108476,15127,576306,California
Los Angeles,2021-01-25,38570,723717,16362,399692,22208,324025,0,0,30127,489560,8414,116890,30144,606450,California
Los Angeles,2021-01-26,49087,772804,24347,424039,24740,348765,0,0,40941,522417,8113,125003,40970,647420,California
Los Angeles,2021-01-27,48273,821077,25739,449778,22534,371299,0,0,39126,552557,9014,134017,39154,686574,California
Los Angeles,2021-01-28,48351,869428,23012,472790,25339,396638,0,0,40017,584370,8220,142237,40033,726607,California
Los Angeles,2021-01-29,49059,918487,25296,498086,23763,420401,0,0,39063,613803,9645,151882,39078,765685,California
Los Angeles,2021-01-30,29913,948400,15364,513450,14549,434950,0,0,25795,635559,4042,155924,25798,791483,California
Los Angeles,2021-01-31,12965,961365,10341,523791,2624,437574,0,0,12051,646711,902,156826,12054,803537,California
Los Angeles,2021-02-01,37871,999236,16114,539905,21757,459331,0,0,27649,664177,10192,167018,27658,831195,California
Los Angeles,2021-02-02,44089,1043325,17843,557748,26246,485577,0,0,31955,684038,12097,179115,31958,863153,California
Los Angeles,2021-02-03,51929,1095254,19419,577167,32510,518087,0,0,37290,706927,14407,193522,37296,900449,California
Los Angeles,2021-02-04,57061,1152315,20654,597821,36407,554494,0,0,39056,728295,17699,211221,39067,939516,California
Los Angeles,2021-02-05,60969,1213284,20975,618796,39994,594488,0,0,39187,746122,21367,232588,39194,978710,California
Los Angeles,2021-02-06,35392,1248676,13246,632042,22146,616634,0,0,27001,764825,8319,240907,27022,1005732,California
Los Angeles,2021-02-07,10771,1259447,8359,640401,2412,619046,0,0,8396,770867,2359,243266,8401,1014133,California
Los Angeles,2021-02-08,46614,1306061,21424,661825,25190,644236,0,0,30509,785409,15975,259241,30517,1044650,California
Los Angeles,2021-02-09,55635,1361696,24548,686373,31087,675323,0,0,28349,786536,27227,286468,28354,1073004,California
Los Angeles,2021-02-10,66722,1428418,29316,715689,37406,712729,0,0,30934,782056,35421,321889,30941,1103945,California
Los Angeles,2021-02-11,57798,1486216,30787,746476,27011,739740,0,0,27953,780599,29413,351302,27956,1131901,California
Los Angeles,2021-02-12,59371,1545587,29743,776219,29628,769368,0,0,25939,773449,33104,384406,25954,1157855,California
Los Angeles,2021-02-13,33744,1579331,19593,795812,14151,783519,0,0,15460,770742,18203,402609,15496,1173351,California
Los Angeles,2021-02-14,21855,1601186,14951,810763,6904,790423,0,0,8779,766508,13016,415625,8782,1182133,California
Los Angeles,2021-02-15,32323,1633509,15796,826559,16527,806950,0,0,17749,769745,14518,430143,17755,1199888,California
Los Angeles,2021-02-16,63799,1697308,32426,858985,31373,838323,0,0,29857,765748,33865,464008,29868,1229756,California
Los Angeles,2021-02-17,63808,1761116,34157,893142,29651,867974,0,0,26331,754773,37312,501320,26337,1256093,California
Los Angeles,2021-02-18,67857,1828973,34602,927744,33255,901229,0,0,28590,744274,39099,540419,28600,1284693,California
Los Angeles,2021-02-19,56840,1885813,34920,962664,21920,923149,0,0,28302,744141,28449,568868,28316,1313009,California
Los Angeles,2021-02-20,32013,1917826,23769,986433,8244,931393,0,0,15655,743480,16324,585192,15663,1328672,California
Los Angeles,2021-02-21,16504,1934330,14869,1001302,1635,933028,0,0,8438,743880,8041,593233,8441,1337113,California
Los Angeles,2021-02-22,34052,1968382,24868,1026170,9184,942212,0,0,17633,745169,16354,609587,17643,1354756,California
Los Angeles,2021-02-23,53345,2021727,22625,1048795,30720,972932,0,0,21053,734038,32195,641782,21064,1375820,California
Los Angeles,2021-02-24,63653,2085380,27932,1076727,35721,1008653,0,0,27966,726487,35534,677316,27983,1403803,California
Los Angeles,2021-02-25,73000,2158380,33423,1110150,39577,1048230,0,0,38321,730284,34534,711850,38331,1442134,California
Los Angeles,2021-02-26,82470,2240850,38468,1148618,44002,1092232,0,0,47279,742615,34973,746823,47304,1489438,California
Los Angeles,2021-02-27,58373,2299223,24800,1173418,33570,1125802,3,3,29854,744112,28383,775206,29880,1519318,California
Los Angeles,2021-02-28,26697,2325920,18434,1191852,8262,1134064,1,4,18820,755136,7803,783009,18827,1538145,California
Los Angeles,2021-03-01,55056,2380976,30785,1222637,24261,1158325,10,14,33346,766933,21574,804583,33371,1571516,California
Los Angeles,2021-03-02,70159,2451135,31038,1253675,39119,1197444,2,16,42905,782700,27149,831732,42916,1614432,California
Los Angeles,2021-03-03,81528,2532663,40746,1294421,40776,1238220,6,22,51140,803628,30242,861974,51170,1665602,California
Los Angeles,2021-03-04,88313,2620976,45495,1339916,42809,1281029,9,31,55617,826737,32532,894506,55641,1721243,California
Los Angeles,2021-03-05,86942,2707918,42282,1382198,44639,1325668,21,52,58068,856150,28708,923214,58121,1779364,California
Los Angeles,2021-03-06,65441,2773359,32738,1414936,30897,1356565,1806,1858,42051,876753,23262,946476,43865,1823229,California
Los Angeles,2021-03-07,25547,2798906,19227,1434163,5532,1362097,788,2646,19694,891403,5831,952307,20481,1843710,California
Los Angeles,2021-03-08,50999,2849905,26462,1460625,22603,1384700,1934,4580,38364,919156,12547,964854,40300,1884010,California
Los Angeles,2021-03-09,68041,2917946,25753,1486378,39025,1423725,3263,7843,40677,935862,27229,992083,43935,1927945,California
Los Angeles,2021-03-10,78293,2996239,36921,1523299,36752,1460477,4620,12463,49195,960685,28963,1021046,53786,1981731,California
Los Angeles,2021-03-11,90971,3087210,44247,1567546,40422,1500899,6302,18765,53458,983061,37361,1058407,59737,2041468,California
Los Angeles,2021-03-12,96224,3183434,42642,1610188,39911,1540810,13671,32436,55994,1012624,40067,1098474,69630,2111098,California
Los Angeles,2021-03-13,73297,3256731,33889,1644077,27534,1568344,11874,44310,43544,1038356,29658,1128132,55390,2166488,California
Los Angeles,2021-03-14,37896,3294627,25314,1669391,10176,1578520,2406,46716,25441,1053787,12402,1140534,27833,2194321,California
Los Angeles,2021-03-15,73214,3367841,35389,1704780,32517,1611037,5308,52024,44720,1075479,28329,1168863,50021,2244342,California
Los Angeles,2021-03-16,97483,3465324,41945,1746725,49830,1660867,5708,57732,63602,1111059,33709,1202572,69289,2313631,California
Los Angeles,2021-03-17,94407,3559731,42454,1789179,44008,1704875,7945,65677,63545,1151812,30697,1233269,71450,2385081,California
Los Angeles,2021-03-18,97520,3657251,46347,1835526,46037,1750912,5136,70813,62089,1183837,35193,1268462,67218,2452299,California
Los Angeles,2021-03-19,104472,3761723,54315,1889841,45578,1796490,4579,75392,64929,1214027,39318,1307780,69508,2521807,California
Los Angeles,2021-03-20,73965,3835688,35999,1925840,33718,1830208,4248,79640,51414,1247277,22406,1330186,55656,2577463,California
Los Angeles,2021-03-21,33417,3869105,24683,1950523,7892,1838100,842,80482,21731,1258239,11608,1341794,22570,2600033,California
Los Angeles,2021-03-22,67524,3936629,40034,1990557,25535,1863635,1955,82437,48175,1289212,19156,1360950,50129,2650162,California
Los Angeles,2021-03-23,92735,4029364,50058,2040615,39769,1903404,2908,85345,61935,1323457,30593,1391543,64838,2715000,California
Los Angeles,2021-03-24,101362,4130726,53812,2094427,44700,1948104,2850,88195,60248,1345694,40855,1432398,63092,2778092,California
Los Angeles,2021-03-25,105979,4236705,56697,2151124,45733,1993837,3549,91744,60936,1365358,44806,1477204,64470,2842562,California
Los Angeles,2021-03-26,111129,4347834,60632,2211756,46419,2040256,4078,95822,63547,1385610,47361,1524565,67613,2910175,California
Los Angeles,2021-03-27,80497,4428331,42129,2253885,36270,2076526,2098,97920,42084,1391586,38208,1562773,44184,2954359,California
Los Angeles,2021-03-28,40682,4469013,27200,2281085,12900,2089426,582,98502,20722,1393005,19885,1582658,21304,2975663,California
Los Angeles,2021-03-29,80628,4549641,45522,2326607,33523,2122949,1583,100085,46345,1406796,34135,1616793,47926,3023589,California
Los Angeles,2021-03-30,105621,4655262,49443,2376050,50488,2173437,5690,105775,65238,1437492,40217,1657010,70913,3094502,California
Los Angeles,2021-03-31,119010,4774272,59692,2435742,50841,2224278,8477,114252,70226,1467601,48570,1705580,78679,3173181,California
Los Angeles,2021-04-01,128558,4902830,59547,2495289,54287,2278565,14724,128976,70960,1495859,57397,1762977,85655,3258836,California
Los Angeles,2021-04-02,126885,5029715,56050,2551339,56088,2334653,14747,143723,68469,1520928,58153,1821130,83222,3342058,California
Los Angeles,2021-04-03,94438,5124153,42540,2593879,38946,2373599,12952,156675,47279,1534117,47022,1868152,60211,3402269,California
Los Angeles,2021-04-04,37699,5161852,19714,2613593,11972,2385571,6013,162688,16150,1534773,21494,1889646,22150,3424419,California
Los Angeles,2021-04-05,89892,5251744,43590,2657183,36481,2422052,9821,172509,44206,1543252,45540,1935186,54019,3478438,California
Los Angeles,2021-04-06,118947,5370691,56000,2713183,43001,2465053,19946,192455,55396,1555185,63347,1998533,75280,3553718,California
Los Angeles,2021-04-07,117992,5488683,53857,2767040,43485,2508538,20650,213105,54199,1566391,63581,2062114,74787,3628505,California
Los Angeles,2021-04-08,127610,5616293,56717,2823757,47742,2556280,23151,236256,58579,1579244,68803,2130917,81656,3710161,California
Los Angeles,2021-04-09,117649,5733942,48844,2872601,48242,2604522,20563,256819,50906,1584111,66524,2197441,71391,3781552,California
Los Angeles,2021-04-10,97213,5831155,40561,2913162,33186,2637708,23466,280285,35794,1582080,61230,2258671,59199,3840751,California
Los Angeles,2021-04-11,40885,5872040,22205,2935367,9571,2647279,9109,289394,14252,1578836,26576,2285247,23332,3864083,California
Los Angeles,2021-04-12,72078,5944118,34959,2970326,31313,2678592,5806,295200,30694,1574082,41224,2326471,36470,3900553,California
Los Angeles,2021-04-13,110689,6054807,55921,3026247,54384,2732976,384,295584,59327,1582614,51183,2377654,59715,3960268,California
Los Angeles,2021-04-14,101173,6155980,49955,3076202,51123,2784099,95,295679,54406,1590562,46582,2424236,54530,4014798,California
Los Angeles,2021-04-15,104106,6260086,56401,3132603,47581,2831680,124,295803,58275,1603358,45632,2469868,58428,4073226,California
Los Angeles,2021-04-16,57870,6317956,37170,3169773,20661,2852341,39,295842,33480,1612602,24287,2494155,33531,4106757,California
Madera,2020-12-16,22,22,22,22,0,0,0,0,22,22,0,0,22,22,California
Madera,2020-12-17,13,35,13,35,0,0,0,0,13,35,0,0,13,35,California
Madera,2020-12-18,61,96,61,96,0,0,0,0,61,96,0,0,61,96,California
Madera,2020-12-19,5,101,5,101,0,0,0,0,5,101,0,0,5,101,California
Madera,2020-12-20,14,115,14,115,0,0,0,0,14,115,0,0,14,115,California
Madera,2020-12-21,60,175,60,175,0,0,0,0,60,175,0,0,60,175,California
Madera,2020-12-22,98,273,96,271,2,2,0,0,98,273,0,0,98,273,California
Madera,2020-12-23,69,342,69,340,0,2,0,0,69,342,0,0,69,342,California
Madera,2020-12-24,44,386,39,379,5,7,0,0,44,386,0,0,44,386,California
Madera,2020-12-26,28,414,26,405,2,9,0,0,28,414,0,0,28,414,California
Madera,2020-12-27,30,444,12,417,18,27,0,0,30,444,0,0,30,444,California
Madera,2020-12-28,105,549,36,453,69,96,0,0,105,549,0,0,105,549,California
Madera,2020-12-29,173,722,40,493,133,229,0,0,173,722,0,0,173,722,California
Madera,2020-12-30,218,940,86,579,132,361,0,0,218,940,0,0,218,940,California
Madera,2020-12-31,201,1141,80,659,121,482,0,0,201,1141,0,0,201,1141,California
Madera,2021-01-02,89,1230,34,693,55,537,0,0,89,1230,0,0,89,1230,California
Madera,2021-01-03,5,1235,5,698,0,537,0,0,5,1235,0,0,5,1235,California
Madera,2021-01-04,128,1363,64,762,64,601,0,0,128,1363,0,0,128,1363,California
Madera,2021-01-05,279,1642,143,905,136,737,0,0,275,1634,4,4,275,1638,California
Madera,2021-01-06,183,1825,27,932,156,893,0,0,163,1777,20,24,163,1801,California
Madera,2021-01-07,395,2220,113,1045,282,1175,0,0,373,2128,22,46,373,2174,California
Madera,2021-01-08,417,2637,72,1117,345,1520,0,0,362,2437,54,100,363,2537,California
Madera,2021-01-09,37,2674,14,1131,23,1543,0,0,28,2456,9,109,28,2565,California
Madera,2021-01-10,17,2691,14,1145,3,1546,0,0,5,2449,12,121,5,2570,California
Madera,2021-01-11,237,2928,189,1334,48,1594,0,0,194,2600,43,164,194,2764,California
Madera,2021-01-12,391,3319,158,1492,233,1827,0,0,284,2777,107,271,284,3048,California
Madera,2021-01-13,186,3505,92,1584,94,1921,0,0,129,2850,57,328,130,3178,California
Madera,2021-01-14,555,4060,82,1666,473,2394,0,0,521,3337,34,362,521,3699,California
Madera,2021-01-15,597,4657,159,1825,438,2832,0,0,577,3894,20,382,577,4276,California
Madera,2021-01-16,381,5038,47,1872,334,3166,0,0,352,4217,29,411,352,4628,California
Madera,2021-01-17,335,5373,15,1887,320,3486,0,0,331,4544,4,415,331,4959,California
Madera,2021-01-18,76,5449,60,1947,16,3502,0,0,57,4583,18,433,57,5016,California
Madera,2021-01-19,570,6019,135,2082,435,3937,0,0,543,5100,27,460,544,5560,California
Madera,2021-01-20,233,6252,80,2162,153,4090,0,0,205,5278,27,487,205,5765,California
Madera,2021-01-21,237,6489,130,2292,107,4197,0,0,204,5451,31,518,204,5969,California
Madera,2021-01-22,255,6744,83,2375,172,4369,0,0,242,5680,13,531,242,6211,California
Madera,2021-01-23,100,6844,52,2427,48,4417,0,0,76,5732,24,555,76,6287,California
Madera,2021-01-24,101,6945,82,2509,19,4436,0,0,78,5787,23,578,78,6365,California
Madera,2021-01-25,252,7197,121,2630,131,4567,0,0,140,5815,112,690,140,6505,California
Madera,2021-01-26,480,7677,188,2818,292,4859,0,0,292,5922,187,877,294,6799,California
Madera,2021-01-27,737,8414,63,2881,674,5533,0,0,601,6388,136,1013,602,7401,California
Madera,2021-01-28,535,8949,103,2984,432,5965,0,0,432,6717,103,1116,432,7833,California
Madera,2021-01-29,468,9417,95,3079,373,6338,0,0,412,7073,56,1172,412,8245,California
Madera,2021-01-30,504,9921,16,3095,488,6826,0,0,450,7469,54,1226,450,8695,California
Madera,2021-01-31,10,9931,7,3102,3,6829,0,0,9,7477,1,1227,9,8704,California
Madera,2021-02-01,254,10185,70,3172,184,7013,0,0,197,7617,57,1284,197,8901,California
Madera,2021-02-02,250,10435,86,3258,164,7177,0,0,161,7690,88,1372,161,9062,California
Madera,2021-02-03,591,11026,458,3716,133,7310,0,0,473,8048,116,1488,474,9536,California
Madera,2021-02-04,385,11411,120,3836,265,7575,0,0,111,7887,273,1761,112,9648,California
Madera,2021-02-05,968,12379,293,4129,675,8250,0,0,363,7651,600,2361,364,10012,California
Madera,2021-02-06,359,12738,324,4453,35,8285,0,0,320,7933,38,2399,320,10332,California
Madera,2021-02-07,35,12773,7,4460,28,8313,0,0,30,7958,5,2404,30,10362,California
Madera,2021-02-08,382,13155,306,4766,76,8389,0,0,269,8115,112,2516,269,10631,California
Madera,2021-02-09,479,13634,119,4885,360,8749,0,0,197,8034,279,2795,198,10829,California
Madera,2021-02-10,428,14062,148,5033,280,9029,0,0,322,8250,106,2901,322,11151,California
Madera,2021-02-11,931,14993,303,5336,628,9657,0,0,403,8127,527,3428,404,11555,California
Madera,2021-02-12,839,15832,119,5455,720,10377,0,0,307,7911,526,3954,310,11865,California
Madera,2021-02-13,484,16316,44,5499,440,10817,0,0,140,7710,343,4297,142,12007,California
Madera,2021-02-14,400,16716,75,5574,325,11142,0,0,137,7585,263,4560,138,12145,California
Madera,2021-02-15,241,16957,97,5671,144,11286,0,0,176,7697,64,4624,176,12321,California
Madera,2021-02-16,773,17730,183,5854,590,11876,0,0,229,7386,541,5165,230,12551,California
Madera,2021-02-17,608,18338,273,6127,335,12211,0,0,339,7463,264,5429,341,12892,California
Madera,2021-02-18,1291,19629,535,6662,756,12967,0,0,1116,8406,175,5604,1118,14010,California
Madera,2021-02-19,861,20490,546,7208,315,13282,0,0,719,8985,142,5746,721,14731,California
Madera,2021-02-20,1072,21562,981,8189,91,13373,0,0,1001,9917,70,5816,1002,15733,California
Madera,2021-02-21,963,22525,819,9008,144,13517,0,0,957,10868,6,5822,957,16690,California
Madera,2021-02-22,907,23432,831,9839,76,13593,0,0,853,11667,54,5876,853,17543,California
Madera,2021-02-23,769,24201,497,10336,272,13865,0,0,551,12001,217,6093,551,18094,California
Madera,2021-02-24,905,25106,300,10636,605,14470,0,0,377,11850,528,6621,377,18471,California
Madera,2021-02-25,1019,26125,308,10944,711,15181,0,0,591,12015,426,7047,591,19062,California
Madera,2021-02-26,1070,27195,186,11130,884,16065,0,0,696,12338,373,7420,696,19758,California
Madera,2021-02-27,868,28063,244,11374,624,16689,0,0,448,12372,417,7837,451,20209,California
Madera,2021-02-28,188,28251,29,11403,159,16848,0,0,182,12548,6,7843,182,20391,California
Madera,2021-03-01,368,28619,116,11519,252,17100,0,0,190,12561,177,8020,190,20581,California
Madera,2021-03-02,646,29265,267,11786,379,17479,0,0,534,12984,112,8132,535,21116,California
Madera,2021-03-03,1299,30564,694,12480,605,18084,0,0,900,13512,396,8528,924,22040,California
Madera,2021-03-04,1160,31724,502,12982,658,18742,0,0,919,14192,242,8770,922,22962,California
Madera,2021-03-05,1322,33046,405,13387,905,19647,12,12,1060,15015,260,9030,1083,24045,California
Madera,2021-03-06,804,33850,623,14010,149,19796,32,44,484,15212,320,9350,517,24562,California
Madera,2021-03-07,153,34003,27,14037,104,19900,22,66,103,15287,50,9400,125,24687,California
Madera,2021-03-08,587,34590,327,14364,201,20101,59,125,295,15351,292,9692,356,25043,California
Madera,2021-03-09,441,35031,158,14522,250,20351,33,158,276,15505,163,9855,317,25360,California
Madera,2021-03-10,1129,36160,505,15027,547,20898,77,235,703,15864,422,10277,781,26141,California
Madera,2021-03-11,1645,37805,839,15866,474,21372,332,567,748,16060,895,11172,1091,27232,California
Madera,2021-03-12,1525,39330,779,16645,592,21964,154,721,749,16213,775,11947,928,28160,California
Madera,2021-03-13,1811,41141,1269,17914,344,22308,198,919,745,16109,1064,13011,960,29120,California
Madera,2021-03-14,582,41723,449,18363,101,22409,32,951,294,16149,286,13297,326,29446,California
Madera,2021-03-15,722,42445,212,18575,464,22873,46,997,501,16503,219,13516,573,30019,California
Madera,2021-03-16,822,43267,421,18996,354,23227,47,1044,643,17034,177,13693,708,30727,California
Madera,2021-03-17,1411,44678,930,19926,419,23646,62,1106,858,17499,545,14238,1010,31737,California
Madera,2021-03-18,1861,46539,644,20570,1157,24803,60,1166,902,17593,952,15190,1046,32783,California
Madera,2021-03-19,1494,48033,587,21157,823,25626,84,1250,962,18177,526,15716,1110,33893,California
Madera,2021-03-20,1123,49156,763,21920,309,25935,51,1301,575,18302,547,16263,672,34565,California
Madera,2021-03-21,1065,50221,866,22786,154,26089,45,1346,352,17990,710,16973,398,34963,California
Madera,2021-03-22,1352,51573,851,23637,433,26522,68,1414,681,18113,668,17641,791,35754,California
Madera,2021-03-23,1396,52969,841,24478,464,26986,91,1505,740,18372,654,18295,913,36667,California
Madera,2021-03-24,896,53865,466,24944,398,27384,32,1537,594,18701,301,18596,630,37297,California
Madera,2021-03-25,1115,54980,490,25434,601,27985,24,1561,636,18906,468,19064,673,37970,California
Madera,2021-03-26,1430,56410,510,25944,789,28774,131,1692,672,18960,752,19816,806,38776,California
Madera,2021-03-27,825,57235,526,26470,278,29052,21,1713,372,18904,449,20265,393,39169,California
Madera,2021-03-28,420,57655,136,26606,223,29275,61,1774,230,19058,189,20454,343,39512,California
Madera,2021-03-29,680,58335,179,26785,474,29749,27,1801,493,19398,184,20638,524,40036,California
Madera,2021-03-30,1013,59348,558,27343,422,30171,33,1834,556,19534,454,21092,590,40626,California
Madera,2021-03-31,1289,60637,480,27823,695,30866,114,1948,449,19262,836,21928,564,41190,California
Madera,2021-04-01,1221,61858,533,28356,639,31505,49,1997,435,18964,781,22709,483,41673,California
Madera,2021-04-02,1500,63358,411,28767,1031,32536,58,2055,459,18450,1032,23741,518,42191,California
Madera,2021-04-03,869,64227,679,29446,170,32706,20,2075,378,18367,490,24231,407,42598,California
Madera,2021-04-04,184,64411,65,29511,117,32823,2,2077,85,18355,99,24330,87,42685,California
Madera,2021-04-05,731,65142,254,29765,420,33243,57,2134,338,18372,392,24722,409,43094,California
Madera,2021-04-06,1684,66826,874,30639,462,33705,348,2482,635,18306,1048,25770,982,44076,California
Madera,2021-04-07,1194,68020,373,31012,674,34379,147,2629,455,18177,736,26506,607,44683,California
Madera,2021-04-08,1670,69690,654,31666,765,35144,251,2880,560,17890,1106,27612,819,45502,California
Madera,2021-04-09,1570,71260,654,32320,770,35914,146,3026,916,18306,649,28261,1065,46567,California
Madera,2021-04-10,943,72203,674,32994,202,36116,67,3093,695,18821,248,28509,763,47330,California
Madera,2021-04-11,772,72975,629,33623,65,36181,78,3171,286,18700,484,28993,363,47693,California
Madera,2021-04-12,766,73741,266,33889,431,36612,69,3240,301,18606,465,29458,371,48064,California
Madera,2021-04-13,1091,74832,583,34472,468,37080,40,3280,620,18807,470,29928,671,48735,California
Madera,2021-04-14,1225,76057,736,35208,489,37569,0,3280,512,18616,709,30637,518,49253,California
Madera,2021-04-15,927,76984,426,35634,500,38069,1,3281,374,18449,543,31180,376,49629,California
Madera,2021-04-16,897,77881,404,36038,493,38562,0,3281,329,18214,564,31744,329,49958,California
Marin,2020-12-15,2,2,2,2,0,0,0,0,2,2,0,0,2,2,California
Marin,2020-12-16,107,109,107,109,0,0,0,0,107,109,0,0,107,109,California
Marin,2020-12-17,260,369,260,369,0,0,0,0,260,369,0,0,260,369,California
Marin,2020-12-18,371,740,371,740,0,0,0,0,371,740,0,0,371,740,California
Marin,2020-12-19,350,1090,349,1089,1,1,0,0,350,1090,0,0,350,1090,California
Marin,2020-12-20,167,1257,166,1255,1,2,0,0,167,1257,0,0,167,1257,California
Marin,2020-12-21,238,1495,235,1490,3,5,0,0,238,1495,0,0,238,1495,California
Marin,2020-12-22,523,2018,319,1809,204,209,0,0,523,2018,0,0,523,2018,California
Marin,2020-12-23,731,2749,324,2133,407,616,0,0,731,2749,0,0,731,2749,California
Marin,2020-12-24,358,3107,160,2293,198,814,0,0,358,3107,0,0,358,3107,California
Marin,2020-12-25,27,3134,0,2293,27,841,0,0,27,3134,0,0,27,3134,California
Marin,2020-12-26,142,3276,93,2386,49,890,0,0,142,3276,0,0,142,3276,California
Marin,2020-12-27,93,3369,56,2442,37,927,0,0,93,3369,0,0,93,3369,California
Marin,2020-12-28,408,3777,99,2541,309,1236,0,0,408,3777,0,0,408,3777,California
Marin,2020-12-29,400,4177,88,2629,312,1548,0,0,400,4177,0,0,400,4177,California
Marin,2020-12-30,624,4801,388,3017,236,1784,0,0,624,4801,0,0,624,4801,California
Marin,2020-12-31,197,4998,33,3050,164,1948,0,0,197,4998,0,0,197,4998,California
Marin,2021-01-01,13,5011,5,3055,8,1956,0,0,13,5011,0,0,13,5011,California
Marin,2021-01-02,103,5114,97,3152,6,1962,0,0,103,5114,0,0,103,5114,California
Marin,2021-01-03,54,5168,36,3188,18,1980,0,0,51,5165,0,0,51,5165,California
Marin,2021-01-04,292,5460,189,3377,103,2083,0,0,291,5455,1,1,291,5456,California
Marin,2021-01-05,366,5826,223,3600,143,2226,0,0,323,5735,43,44,323,5779,California
Marin,2021-01-06,816,6642,315,3915,501,2727,0,0,640,6199,176,220,640,6419,California
Marin,2021-01-07,891,7533,503,4418,388,3115,0,0,544,6396,347,567,544,6963,California
Marin,2021-01-08,971,8504,515,4933,456,3571,0,0,594,6614,376,943,594,7557,California
Marin,2021-01-09,618,9122,222,5155,396,3967,0,0,487,6970,131,1074,487,8044,California
Marin,2021-01-10,128,9250,99,5254,29,3996,0,0,54,6950,74,1148,54,8098,California
Marin,2021-01-11,467,9717,326,5580,141,4137,0,0,248,6980,219,1367,249,8347,California
Marin,2021-01-12,939,10656,542,6122,397,4534,0,0,567,7178,369,1736,567,8914,California
Marin,2021-01-13,1175,11831,499,6621,676,5210,0,0,936,7875,239,1975,936,9850,California
Marin,2021-01-14,1066,12897,319,6940,747,5957,0,0,916,8643,148,2123,916,10766,California
Marin,2021-01-15,1152,14049,354,7294,798,6755,0,0,1022,9537,129,2252,1023,11789,California
Marin,2021-01-16,1117,15166,915,8209,202,6957,0,0,1042,10504,75,2327,1042,12831,California
Marin,2021-01-17,1233,16399,1114,9323,119,7076,0,0,1205,11685,27,2354,1208,14039,California
Marin,2021-01-18,360,16759,159,9482,201,7277,0,0,309,11943,51,2405,309,14348,California
Marin,2021-01-19,1155,17914,913,10395,242,7519,0,0,983,12755,171,2576,983,15331,California
Marin,2021-01-20,1784,19698,1205,11600,579,8098,0,0,1055,13092,718,3294,1055,16386,California
Marin,2021-01-21,1683,21381,1062,12662,621,8719,0,0,1331,14076,349,3643,1333,17719,California
Marin,2021-01-22,1695,23076,1085,13747,610,9329,0,0,1529,15439,166,3809,1529,19248,California
Marin,2021-01-23,1843,24919,1342,15089,501,9830,0,0,1758,17113,84,3893,1758,21006,California
Marin,2021-01-24,611,25530,164,15253,447,10277,0,0,579,17660,32,3925,579,21585,California
Marin,2021-01-25,1123,26653,226,15479,897,11174,0,0,690,17918,433,4358,691,22276,California
Marin,2021-01-26,1497,28150,778,16257,719,11893,0,0,1120,18662,376,4734,1120,23396,California
Marin,2021-01-27,1697,29847,871,17128,826,12719,0,0,1347,19662,348,5082,1348,24744,California
Marin,2021-01-28,2067,31914,1060,18188,1007,13726,0,0,1803,21203,263,5345,1804,26548,California
Marin,2021-01-29,2183,34097,1436,19624,747,14473,0,0,1981,22994,191,5536,1982,28530,California
Marin,2021-01-30,1714,35811,899,20523,815,15288,0,0,1636,24553,78,5614,1637,30167,California
Marin,2021-01-31,453,36264,316,20839,137,15425,0,0,428,24956,25,5639,428,30595,California
Marin,2021-02-01,1087,37351,416,21255,671,16096,0,0,887,25644,200,5839,888,31483,California
Marin,2021-02-02,1350,38701,462,21717,888,16984,0,0,724,25752,616,6455,724,32207,California
Marin,2021-02-03,1779,40480,428,22145,1351,18335,0,0,1255,26484,523,6978,1255,33462,California
Marin,2021-02-04,1537,42017,514,22659,1023,19358,0,0,935,26820,599,7577,935,34397,California
Marin,2021-02-05,2174,44191,681,23340,1493,20851,0,0,1335,27320,835,8412,1335,35732,California
Marin,2021-02-06,1426,45617,850,24190,576,21427,0,0,603,27101,822,9234,603,36335,California
Marin,2021-02-07,1286,46903,1005,25195,281,21708,0,0,488,26792,797,10031,488,36823,California
Marin,2021-02-08,1515,48418,753,25948,762,22470,0,0,724,26727,789,10820,724,37547,California
Marin,2021-02-09,1781,50199,1122,27070,659,23129,0,0,837,26620,944,11764,837,38384,California
Marin,2021-02-10,2332,52531,1487,28557,845,23974,0,0,1216,26723,1114,12878,1217,39601,California
Marin,2021-02-11,2862,55393,1645,30202,1217,25191,0,0,1450,26768,1407,14285,1452,41053,California
Marin,2021-02-12,3058,58451,1537,31739,1521,26712,0,0,1564,26840,1492,15777,1564,42617,California
Marin,2021-02-13,2335,60786,1244,32983,1091,27803,0,0,1130,26767,1203,16980,1130,43747,California
Marin,2021-02-14,810,61596,301,33284,509,28312,0,0,717,27392,93,17073,718,44465,California
Marin,2021-02-15,1211,62807,354,33638,857,29169,0,0,833,27848,377,17450,833,45298,California
Marin,2021-02-16,2463,65270,1056,34694,1407,30576,0,0,1504,28394,958,18408,1504,46802,California
Marin,2021-02-17,2092,67362,936,35630,1156,31732,0,0,1085,28475,1005,19413,1086,47888,California
Marin,2021-02-18,2411,69773,1576,37206,835,32567,0,0,1061,28187,1349,20762,1061,48949,California
Marin,2021-02-19,2752,72525,2150,39356,602,33169,0,0,1218,27883,1523,22285,1219,50168,California
Marin,2021-02-20,2564,75089,2110,41466,454,33623,0,0,1216,27756,1343,23628,1216,51384,California
Marin,2021-02-21,1281,76370,1089,42555,192,33815,0,0,907,28293,370,23998,907,52291,California
Marin,2021-02-22,1820,78190,1403,43958,417,34232,0,0,1211,28896,608,24606,1211,53502,California
Marin,2021-02-23,2829,81019,1613,45571,1216,35448,0,0,1906,29889,914,25520,1907,55409,California
Marin,2021-02-24,3499,84518,1601,47172,1898,37346,0,0,2248,30894,1244,26764,2249,57658,California
Marin,2021-02-25,3928,88446,1811,48983,2117,39463,0,0,2770,32514,1151,27915,2771,60429,California
Marin,2021-02-26,3480,91926,1880,50863,1600,41063,0,0,2531,34107,938,28853,2531,62960,California
Marin,2021-02-27,2608,94534,1493,52356,1115,42178,0,0,1775,35054,830,29683,1777,64737,California
Marin,2021-02-28,1377,95911,917,53273,460,42638,0,0,1042,35763,333,30016,1042,65779,California
Marin,2021-03-01,2470,98381,1533,54806,937,43575,0,0,1658,36613,808,30824,1658,67437,California
Marin,2021-03-02,2426,100807,1594,56400,831,44406,1,1,1682,37555,741,31565,1683,69120,California
Marin,2021-03-03,4284,105091,2379,58779,1903,46309,2,3,2775,38828,1504,33069,2777,71897,California
Marin,2021-03-04,3333,108424,1640,60419,1692,48001,1,4,2327,40160,999,34068,2331,74228,California
Marin,2021-03-05,3021,111445,1128,61547,1881,49882,12,16,1774,40702,1244,35312,1786,76014,California
Marin,2021-03-06,3223,114668,2314,63861,830,50712,79,95,2651,42864,567,35879,2729,78743,California
Marin,2021-03-07,1368,116036,1152,65013,192,50904,24,119,981,43485,384,36263,1005,79748,California
Marin,2021-03-08,1868,117904,1366,66379,386,51290,116,235,1405,44546,460,36723,1521,81269,California
Marin,2021-03-09,2096,120000,1217,67596,773,52063,106,341,1426,45409,669,37392,1532,82801,California
Marin,2021-03-10,4394,124394,2458,70054,1657,53720,279,620,3174,47646,1217,38609,3454,86255,California
Marin,2021-03-11,4547,128941,1867,71921,2545,56265,135,755,3264,49769,1276,39885,3399,89654,California
Marin,2021-03-12,3963,132904,1531,73452,2075,58340,357,1112,1557,49287,2395,42280,1913,91567,California
Marin,2021-03-13,4087,136991,2853,76305,1163,59503,71,1183,2418,50104,1667,43947,2484,94051,California
Marin,2021-03-14,2271,139262,1096,77401,1060,60563,115,1298,727,49404,1542,45489,842,94893,California
Marin,2021-03-15,3221,142483,1761,79162,1413,61976,47,1345,1216,48670,1996,47485,1262,96155,California
Marin,2021-03-16,4298,146781,2308,81470,1626,63602,364,1709,1524,47786,2771,50256,1887,98042,California
Marin,2021-03-17,4124,150905,2246,83716,1834,65436,44,1753,2008,47733,2105,52361,2052,100094,California
Marin,2021-03-18,4458,155363,2245,85961,2140,67576,73,1826,2226,47812,2218,54579,2297,102391,California
Marin,2021-03-19,4437,159800,2272,88233,1948,69524,217,2043,2414,48426,2017,56596,2631,105022,California
Marin,2021-03-20,3576,163376,1981,90214,1480,71004,115,2158,2035,49042,1535,58131,2151,107173,California
Marin,2021-03-21,1527,164903,1123,91337,379,71383,25,2183,794,49130,731,58862,819,107992,California
Marin,2021-03-22,2464,167367,2130,93467,169,71552,165,2348,990,48815,1470,60332,1155,109147,California
Marin,2021-03-23,4236,171603,2192,95659,1914,73466,130,2478,1946,48607,2284,62616,2076,111223,California
Marin,2021-03-24,4396,175999,2885,98544,1407,74873,104,2582,1780,47885,2605,65221,1883,113106,California
Marin,2021-03-25,4611,180610,2812,101356,1731,76604,68,2650,2250,47853,2348,67569,2316,115422,California
Marin,2021-03-26,4269,184879,2313,103669,1742,78346,214,2864,2406,48627,1846,69415,2620,118042,California
Marin,2021-03-27,3675,188554,2641,106310,1017,79363,17,2881,1140,47260,2524,71939,1157,119199,California
Marin,2021-03-28,2376,190930,1721,108031,649,80012,6,2887,1101,47097,1270,73209,1107,120306,California
Marin,2021-03-29,2680,193610,2091,110122,564,80576,25,2912,1187,46819,1490,74699,1212,121518,California
Marin,2021-03-30,4646,198256,3646,113768,967,81543,33,2945,3062,48332,1582,76281,3095,124613,California
Marin,2021-03-31,5767,204023,4089,117857,1629,83172,49,2994,2570,47765,3186,79467,2619,127232,California
Marin,2021-04-01,4387,208410,2263,120120,1874,85046,250,3244,2111,47857,2269,81736,2361,129593,California
Marin,2021-04-02,3674,212084,1819,121939,1493,86539,362,3606,1957,48465,1711,83447,2319,131912,California
Marin,2021-04-03,3829,215913,2518,124457,943,87482,368,3974,1462,47938,2357,85804,1830,133742,California
Marin,2021-04-04,1621,217534,1222,125679,202,87684,197,4171,1188,48891,432,86236,1385,135127,California
Marin,2021-04-05,2181,219715,1515,127194,295,87979,371,4542,1256,49594,922,87158,1625,136752,California
Marin,2021-04-06,3929,223644,2103,129297,1280,89259,546,5088,2191,50597,1732,88890,2735,139487,California
Marin,2021-04-07,3900,227544,1968,131265,1293,90552,639,5727,1421,50187,2470,91360,2060,141547,California
Marin,2021-04-08,4982,232526,1949,133214,2428,92980,605,6332,2277,50368,2696,94056,2877,144424,California
Marin,2021-04-09,3809,236335,1440,134654,1674,94654,695,7027,1266,49788,2538,96594,1958,146382,California
Marin,2021-04-10,3170,239505,1458,136112,1280,95934,432,7459,1431,49919,1730,98324,1861,148243,California
Marin,2021-04-11,1055,240560,802,136914,93,96027,160,7619,474,49973,579,98903,633,148876,California
Marin,2021-04-12,1668,242228,1194,138108,338,96365,136,7755,906,50257,759,99662,1043,149919,California
Marin,2021-04-13,3664,245892,2237,140345,1420,97785,7,7762,1327,49263,2328,101990,1334,151253,California
Marin,2021-04-14,3900,249792,2258,142603,1640,99425,2,7764,1544,48458,2350,104340,1545,152798,California
Marin,2021-04-15,3914,253706,2494,145097,1420,100845,0,7764,1783,48128,2116,106456,1786,154584,California
Marin,2021-04-16,1278,254984,299,145396,976,101821,3,7767,600,48055,676,107132,603,155187,California
Mariposa,2020-12-17,3,3,3,3,0,0,0,0,38,38,0,0,38,38,California
Mariposa,2020-12-18,5,8,5,8,0,0,0,0,56,94,0,0,56,94,California
Mariposa,2020-12-20,2,10,2,10,0,0,0,0,2,96,0,0,2,96,California
Mariposa,2020-12-21,3,13,3,13,0,0,0,0,45,141,0,0,45,141,California
Mariposa,2020-12-22,2,15,2,15,0,0,0,0,2,143,0,0,2,143,California
Mariposa,2020-12-23,10,25,10,25,0,0,0,0,1,144,0,0,1,144,California
Mariposa,2020-12-24,1,26,0,25,1,1,0,0,0,144,0,0,0,144,California
Mariposa,2020-12-26,1,27,1,26,0,1,0,0,1,145,0,0,1,145,California
Mariposa,2020-12-27,1,28,0,26,1,2,0,0,1,146,0,0,1,146,California
Mariposa,2020-12-28,4,32,2,28,2,4,0,0,4,150,0,0,4,150,California
Mariposa,2020-12-29,33,65,1,29,32,36,0,0,33,183,0,0,33,183,California
Mariposa,2020-12-30,21,86,0,29,21,57,0,0,20,203,0,0,20,203,California
Mariposa,2020-12-31,22,108,0,29,22,79,0,0,22,225,0,0,22,225,California
Mariposa,2021-01-04,9,117,1,30,8,87,0,0,9,234,0,0,9,234,California
Mariposa,2021-01-05,24,141,14,44,10,97,0,0,12,236,10,10,12,246,California
Mariposa,2021-01-06,5,146,3,47,2,99,0,0,2,235,3,13,2,248,California
Mariposa,2021-01-07,49,195,47,94,2,101,0,0,2,190,47,60,2,250,California
Mariposa,2021-01-08,109,304,81,175,28,129,0,0,33,147,76,136,33,283,California
Mariposa,2021-01-09,1,305,0,175,1,130,0,0,1,148,0,136,1,284,California
Mariposa,2021-01-11,24,329,3,178,21,151,0,0,22,168,2,138,22,306,California
Mariposa,2021-01-12,21,350,3,181,18,169,0,0,18,183,3,141,18,324,California
Mariposa,2021-01-13,22,372,1,182,21,190,0,0,21,203,1,142,21,345,California
Mariposa,2021-01-14,94,466,1,183,93,283,0,0,94,297,0,142,94,439,California
Mariposa,2021-01-15,47,513,2,185,45,328,0,0,45,340,2,144,45,484,California
Mariposa,2021-01-16,19,532,2,187,17,345,0,0,18,357,1,145,18,502,California
Mariposa,2021-01-17,2,534,0,187,2,347,0,0,2,359,0,145,2,504,California
Mariposa,2021-01-18,2,536,2,189,0,347,0,0,1,359,1,146,1,505,California
Mariposa,2021-01-19,1,537,0,189,1,348,0,0,1,360,0,146,1,506,California
Mariposa,2021-01-20,26,563,0,189,26,374,0,0,26,386,0,146,26,532,California
Mariposa,2021-01-21,87,650,1,190,86,460,0,0,87,473,0,146,87,619,California
Mariposa,2021-01-22,77,727,1,191,76,536,0,0,77,550,0,146,77,696,California
Mariposa,2021-01-23,125,852,0,191,125,661,0,0,123,673,0,146,123,819,California
Mariposa,2021-01-25,3,855,1,192,2,663,0,0,0,670,3,149,0,819,California
Mariposa,2021-01-26,32,887,2,194,30,693,0,0,3,648,29,178,7,826,California
Mariposa,2021-01-27,34,921,1,195,33,726,0,0,26,666,8,186,26,852,California
Mariposa,2021-01-28,150,1071,2,197,148,874,0,0,136,789,13,199,136,988,California
Mariposa,2021-01-29,58,1129,0,197,58,932,0,0,58,847,0,199,58,1046,California
Mariposa,2021-01-30,3,1132,1,198,2,934,0,0,2,848,1,200,2,1048,California
Mariposa,2021-01-31,1,1133,0,198,1,935,0,0,1,849,0,200,1,1049,California
Mariposa,2021-02-01,55,1188,0,198,55,990,0,0,48,890,7,207,48,1097,California
Mariposa,2021-02-02,8,1196,0,198,8,998,0,0,2,886,6,213,2,1099,California
Mariposa,2021-02-03,26,1222,1,199,25,1023,0,0,22,904,4,217,22,1121,California
Mariposa,2021-02-04,115,1337,7,206,108,1131,0,0,108,1009,4,221,109,1230,California
Mariposa,2021-02-05,239,1576,4,210,235,1366,0,0,217,1204,22,243,217,1447,California
Mariposa,2021-02-06,2,1578,1,211,1,1367,0,0,1,1204,1,244,1,1448,California
Mariposa,2021-02-08,39,1617,1,212,38,1405,0,0,20,1205,19,263,20,1468,California
Mariposa,2021-02-09,11,1628,3,215,8,1413,0,0,6,1206,5,268,6,1474,California
Mariposa,2021-02-10,17,1645,1,216,16,1429,0,0,9,1213,8,276,15,1489,California
Mariposa,2021-02-11,378,2023,4,220,374,1803,0,0,367,1573,9,285,369,1858,California
Mariposa,2021-02-12,174,2197,1,221,173,1976,0,0,130,1659,44,329,130,1988,California
Mariposa,2021-02-13,5,2202,3,224,2,1978,0,0,4,1662,1,330,4,1992,California
Mariposa,2021-02-14,5,2207,2,226,3,1981,0,0,4,1665,1,331,4,1996,California
Mariposa,2021-02-15,8,2215,2,228,6,1987,0,0,7,1671,1,332,7,2003,California
Mariposa,2021-02-16,20,2235,2,230,18,2005,0,0,19,1689,1,333,19,2022,California
Mariposa,2021-02-17,19,2254,1,231,18,2023,0,0,15,1701,3,336,15,2037,California
Mariposa,2021-02-18,55,2309,2,233,53,2076,0,0,12,1670,43,379,12,2049,California
Mariposa,2021-02-19,75,2384,0,233,75,2151,0,0,74,1743,1,380,74,2123,California
Mariposa,2021-02-20,253,2637,4,237,249,2400,0,0,221,1933,31,411,221,2344,California
Mariposa,2021-02-21,230,2867,2,239,228,2628,0,0,229,2161,1,412,229,2573,California
Mariposa,2021-02-22,14,2881,2,241,12,2640,0,0,14,2175,0,412,14,2587,California
Mariposa,2021-02-23,5,2886,2,243,3,2643,0,0,4,2178,1,413,4,2591,California
Mariposa,2021-02-24,18,2904,1,244,17,2660,0,0,2,2164,16,429,2,2593,California
Mariposa,2021-02-25,5,2909,3,247,2,2662,0,0,2,2163,3,432,2,2595,California
Mariposa,2021-02-26,409,3318,2,249,407,3069,0,0,351,2457,58,490,352,2947,California
Mariposa,2021-02-27,153,3471,3,252,150,3219,0,0,150,2604,3,493,150,3097,California
Mariposa,2021-02-28,2,3473,1,253,1,3220,0,0,0,2602,2,495,0,3097,California
Mariposa,2021-03-01,54,3527,1,254,53,3273,0,0,6,2560,48,543,6,3103,California
Mariposa,2021-03-02,6,3533,5,259,1,3274,0,0,3,2560,3,546,3,3106,California
Mariposa,2021-03-03,65,3598,1,260,64,3338,0,0,63,2621,2,548,63,3169,California
Mariposa,2021-03-04,15,3613,5,265,10,3348,0,0,8,2622,7,555,8,3177,California
Mariposa,2021-03-05,40,3653,6,271,34,3382,0,0,33,2652,7,562,37,3214,California
Mariposa,2021-03-06,4,3657,2,273,2,3384,0,0,4,2656,0,562,4,3218,California
Mariposa,2021-03-08,36,3693,3,276,22,3406,11,11,7,2645,29,591,18,3236,California
Mariposa,2021-03-09,24,3717,2,278,12,3418,10,21,9,2649,15,606,19,3255,California
Mariposa,2021-03-10,15,3732,1,279,4,3422,10,31,3,2650,12,618,13,3268,California
Mariposa,2021-03-11,455,4187,5,284,432,3854,18,49,219,2655,235,853,240,3508,California
Mariposa,2021-03-12,238,4425,3,287,206,4060,29,78,104,2654,134,987,133,3641,California
Mariposa,2021-03-13,25,4450,3,290,7,4067,15,93,6,2656,18,1005,20,3661,California
Mariposa,2021-03-14,17,4467,2,292,4,4071,11,104,3,2656,14,1019,14,3675,California
Mariposa,2021-03-15,75,4542,6,298,31,4102,38,142,31,2681,44,1063,69,3744,California
Mariposa,2021-03-16,44,4586,5,303,5,4107,34,176,7,2685,37,1100,41,3785,California
Mariposa,2021-03-17,52,4638,4,307,42,4149,6,182,44,2728,8,1108,51,3836,California
Mariposa,2021-03-18,45,4683,5,312,31,4180,9,191,33,2758,12,1120,42,3878,California
Mariposa,2021-03-19,331,5014,4,316,318,4498,9,200,297,3030,34,1154,306,4184,California
Mariposa,2021-03-20,418,5432,4,320,413,4911,1,201,46,2707,372,1526,49,4233,California
Mariposa,2021-03-21,8,5440,7,327,0,4911,1,202,5,2710,3,1529,6,4239,California
Mariposa,2021-03-22,33,5473,3,330,19,4930,11,213,21,2731,12,1541,33,4272,California
Mariposa,2021-03-23,21,5494,3,333,4,4934,14,227,3,2730,18,1559,17,4289,California
Mariposa,2021-03-24,49,5543,1,334,46,4980,2,229,47,2777,2,1561,49,4338,California
Mariposa,2021-03-25,58,5601,7,341,43,5023,8,237,46,2819,12,1573,54,4392,California
Mariposa,2021-03-26,471,6072,7,348,462,5485,2,239,243,2836,228,1801,245,4637,California
Mariposa,2021-03-27,213,6285,3,351,210,5695,0,239,85,2794,128,1929,86,4723,California
Mariposa,2021-03-28,4,6289,0,351,1,5696,3,242,0,2793,4,1933,3,4726,California
Mariposa,2021-03-29,12,6301,2,353,10,5706,0,242,7,2795,5,1938,7,4733,California
Mariposa,2021-03-30,19,6320,1,354,2,5708,16,258,1,2794,18,1956,17,4750,California
Mariposa,2021-03-31,71,6391,5,359,65,5773,1,259,61,2846,10,1966,62,4812,California
Mariposa,2021-04-01,6,6397,2,361,3,5776,1,260,2,2845,4,1970,3,4815,California
Mariposa,2021-04-02,32,6429,4,365,27,5803,1,261,9,2832,23,1993,10,4825,California
Mariposa,2021-04-03,5,6434,3,368,2,5805,0,261,3,2833,2,1995,3,4828,California
Mariposa,2021-04-04,2,6436,1,369,0,5805,1,262,0,2832,2,1997,1,4829,California
Mariposa,2021-04-05,12,6448,8,377,2,5807,2,264,5,2832,7,2004,7,4836,California
Mariposa,2021-04-06,25,6473,9,386,2,5809,14,278,2,2826,22,2026,16,4852,California
Mariposa,2021-04-07,24,6497,3,389,5,5814,16,294,0,2818,24,2050,16,4868,California
Mariposa,2021-04-08,31,6528,6,395,7,5821,18,312,7,2819,24,2074,25,4893,California
Mariposa,2021-04-09,25,6553,7,402,6,5827,12,324,6,2818,19,2093,18,4911,California
Mariposa,2021-04-10,9,6562,0,402,1,5828,8,332,0,2816,9,2102,7,4918,California
Mariposa,2021-04-11,6,6568,4,406,2,5830,0,332,1,2812,5,2107,1,4919,California
Mariposa,2021-04-12,29,6597,5,411,23,5853,1,333,4,2792,25,2132,5,4924,California
Mariposa,2021-04-13,5,6602,2,413,3,5856,0,333,2,2791,3,2135,2,4926,California
Mariposa,2021-04-14,7,6609,3,416,4,5860,0,333,4,2792,3,2138,4,4930,California
Mariposa,2021-04-15,9,6618,4,420,5,5865,0,333,5,2793,4,2142,5,4935,California
Mariposa,2021-04-16,23,6641,3,423,20,5885,0,333,4,2778,19,2161,4,4939,California
Mendocino,2020-12-17,70,70,70,70,0,0,0,0,70,70,0,0,70,70,California
Mendocino,2020-12-18,85,155,84,154,1,1,0,0,84,154,0,0,84,154,California
Mendocino,2020-12-19,4,159,4,158,0,1,0,0,4,158,0,0,4,158,California
Mendocino,2020-12-20,7,166,7,165,0,1,0,0,7,165,0,0,7,165,California
Mendocino,2020-12-21,245,411,245,410,0,1,0,0,77,242,0,0,77,242,California
Mendocino,2020-12-22,250,661,189,599,61,62,0,0,250,492,0,0,250,492,California
Mendocino,2020-12-23,270,931,47,646,223,285,0,0,269,761,0,0,269,761,California
Mendocino,2020-12-24,49,980,8,654,41,326,0,0,49,810,0,0,49,810,California
Mendocino,2020-12-25,1,981,0,654,1,327,0,0,1,811,0,0,1,811,California
Mendocino,2020-12-26,2,983,2,656,0,327,0,0,2,813,0,0,2,813,California
Mendocino,2020-12-27,1,984,0,656,1,328,0,0,1,814,0,0,1,814,California
Mendocino,2020-12-28,74,1058,9,665,65,393,0,0,74,888,0,0,74,888,California
Mendocino,2020-12-29,121,1179,61,726,60,453,0,0,121,1009,0,0,121,1009,California
Mendocino,2020-12-30,123,1302,68,794,55,508,0,0,123,1132,0,0,123,1132,California
Mendocino,2020-12-31,130,1432,95,889,35,543,0,0,130,1262,0,0,130,1262,California
Mendocino,2021-01-01,6,1438,4,893,2,545,0,0,6,1268,0,0,6,1268,California
Mendocino,2021-01-02,1,1439,1,894,0,545,0,0,1,1269,0,0,1,1269,California
Mendocino,2021-01-04,840,2279,19,913,821,1366,0,0,840,2109,0,0,840,2109,California
Mendocino,2021-01-05,71,2350,35,948,36,1402,0,0,58,2154,13,13,58,2167,California
Mendocino,2021-01-06,151,2501,129,1077,22,1424,0,0,141,2285,10,23,141,2308,California
Mendocino,2021-01-07,355,2856,235,1312,120,1544,0,0,292,2514,63,86,292,2600,California
Mendocino,2021-01-08,95,2951,82,1394,13,1557,0,0,41,2502,54,140,42,2642,California
Mendocino,2021-01-09,10,2961,6,1400,4,1561,0,0,8,2508,2,142,8,2650,California
Mendocino,2021-01-10,8,2969,8,1408,0,1561,0,0,1,2502,7,149,1,2651,California
Mendocino,2021-01-11,101,3070,92,1500,9,1570,0,0,43,2488,57,206,43,2694,California
Mendocino,2021-01-12,386,3456,376,1876,10,1580,0,0,270,2642,116,322,270,2964,California
Mendocino,2021-01-13,481,3937,144,2020,337,1917,0,0,441,3046,38,360,442,3406,California
Mendocino,2021-01-14,636,4573,20,2040,616,2533,0,0,627,3664,9,369,627,4033,California
Mendocino,2021-01-15,1857,6430,859,2899,998,3531,0,0,1853,5513,4,373,1853,5886,California
Mendocino,2021-01-16,791,7221,50,2949,741,4272,0,0,789,6300,2,375,789,6675,California
Mendocino,2021-01-17,554,7775,1,2950,553,4825,0,0,553,6852,1,376,553,7228,California
Mendocino,2021-01-18,488,8263,463,3413,25,4850,0,0,476,7316,12,388,476,7704,California
Mendocino,2021-01-19,332,8595,147,3560,185,5035,0,0,156,7296,176,564,156,7860,California
Mendocino,2021-01-20,552,9147,405,3965,147,5182,0,0,446,7639,104,668,447,8307,California
Mendocino,2021-01-21,535,9682,222,4187,313,5495,0,0,351,7807,183,851,351,8658,California
Mendocino,2021-01-22,149,9831,58,4245,91,5586,0,0,110,7878,39,890,110,8768,California
Mendocino,2021-01-23,155,9986,83,4328,72,5658,0,0,149,8021,6,896,149,8917,California
Mendocino,2021-01-24,5,9991,3,4331,2,5660,0,0,5,8026,0,896,5,8922,California
Mendocino,2021-01-25,191,10182,18,4349,173,5833,0,0,121,8077,70,966,121,9043,California
Mendocino,2021-01-26,155,10337,57,4406,98,5931,0,0,95,8112,60,1026,95,9138,California
Mendocino,2021-01-27,431,10768,361,4767,70,6001,0,0,173,8034,251,1277,173,9311,California
Mendocino,2021-01-28,585,11353,521,5288,64,6065,0,0,491,8431,94,1371,491,9802,California
Mendocino,2021-01-29,389,11742,348,5636,41,6106,0,0,360,8763,29,1400,361,10163,California
Mendocino,2021-01-30,48,11790,30,5666,18,6124,0,0,41,8797,7,1407,41,10204,California
Mendocino,2021-01-31,273,12063,2,5668,271,6395,0,0,3,8530,270,1677,3,10207,California
Mendocino,2021-02-01,380,12443,52,5720,328,6723,0,0,57,8264,323,2000,57,10264,California
Mendocino,2021-02-02,720,13163,501,6221,219,6942,0,0,362,8268,358,2358,362,10626,California
Mendocino,2021-02-03,389,13552,205,6426,184,7126,0,0,220,8321,167,2525,220,10846,California
Mendocino,2021-02-04,625,14177,529,6955,96,7222,0,0,501,8698,124,2649,501,11347,California
Mendocino,2021-02-05,1299,15476,1212,8167,87,7309,0,0,584,8568,714,3363,584,11931,California
Mendocino,2021-02-06,558,16034,157,8324,401,7710,0,0,543,9096,15,3378,543,12474,California
Mendocino,2021-02-07,31,16065,27,8351,4,7714,0,0,31,9127,0,3378,31,12505,California
Mendocino,2021-02-08,745,16810,714,9065,31,7745,0,0,284,8950,461,3839,284,12789,California
Mendocino,2021-02-09,141,16951,58,9123,83,7828,0,0,89,8987,52,3891,89,12878,California
Mendocino,2021-02-10,1481,18432,921,10044,560,8388,0,0,743,8998,732,4623,743,13621,California
Mendocino,2021-02-11,1133,19565,209,10253,924,9312,0,0,285,8435,848,5471,285,13906,California
Mendocino,2021-02-12,1401,20966,158,10411,1243,10555,0,0,636,8307,764,6235,636,14542,California
Mendocino,2021-02-13,495,21461,12,10423,483,11038,0,0,102,8022,392,6627,107,14649,California
Mendocino,2021-02-14,694,22155,3,10426,691,11729,0,0,134,7596,560,7187,134,14783,California
Mendocino,2021-02-15,329,22484,43,10469,286,12015,0,0,174,7615,155,7342,174,14957,California
Mendocino,2021-02-16,201,22685,51,10520,150,12165,0,0,131,7676,70,7412,131,15088,California
Mendocino,2021-02-17,1349,24034,1187,11707,162,12327,0,0,877,8083,470,7882,877,15965,California
Mendocino,2021-02-18,1780,25814,639,12346,1141,13468,0,0,1215,8734,564,8446,1215,17180,California
Mendocino,2021-02-19,748,26562,146,12492,602,14070,0,0,609,9204,139,8585,609,17789,California
Mendocino,2021-02-20,571,27133,545,13037,26,14096,0,0,541,9717,28,8613,541,18330,California
Mendocino,2021-02-21,326,27459,5,13042,321,14417,0,0,314,10020,11,8624,314,18644,California
Mendocino,2021-02-22,162,27621,30,13072,132,14549,0,0,70,9999,91,8715,70,18714,California
Mendocino,2021-02-23,669,28290,657,13729,12,14561,0,0,610,10551,58,8773,610,19324,California
Mendocino,2021-02-24,1838,30128,1759,15488,79,14640,0,0,1429,11577,405,9178,1431,20755,California
Mendocino,2021-02-25,1702,31830,531,16019,1171,15811,0,0,1285,12446,416,9594,1285,22040,California
Mendocino,2021-02-26,1398,33228,746,16765,652,16463,0,0,1036,13122,360,9954,1036,23076,California
Mendocino,2021-02-27,198,33426,150,16915,48,16511,0,0,77,13079,120,10074,77,23153,California
Mendocino,2021-02-28,33,33459,11,16926,22,16533,0,0,23,13092,10,10084,23,23176,California
Mendocino,2021-03-01,575,34034,532,17458,43,16576,0,0,538,13593,37,10121,538,23714,California
Mendocino,2021-03-02,70,34104,24,17482,46,16622,0,0,41,13606,28,10149,41,23755,California
Mendocino,2021-03-03,1697,35801,1325,18807,372,16994,0,0,1067,14044,629,10778,1067,24822,California
Mendocino,2021-03-04,1767,37568,146,18953,1621,18615,0,0,1550,15380,215,10993,1551,26373,California
Mendocino,2021-03-05,205,37773,144,19097,52,18667,9,9,116,15418,87,11080,125,26498,California
Mendocino,2021-03-06,241,38014,20,19117,196,18863,25,34,201,15605,39,11119,226,26724,California
Mendocino,2021-03-07,503,38517,6,19123,477,19340,20,54,116,15354,386,11505,135,26859,California
Mendocino,2021-03-08,124,38641,29,19152,59,19399,36,90,64,15396,58,11563,100,26959,California
Mendocino,2021-03-09,441,39082,224,19376,176,19575,41,131,346,15688,95,11658,387,27346,California
Mendocino,2021-03-10,1108,40190,978,20354,64,19639,66,197,267,15185,839,12497,336,27682,California
Mendocino,2021-03-11,821,41011,611,20965,157,19796,53,250,396,15211,423,12920,449,28131,California
Mendocino,2021-03-12,2012,43023,1029,21994,889,20685,94,344,1210,15719,796,13716,1304,29435,California
Mendocino,2021-03-13,653,43676,524,22518,72,20757,57,401,97,15321,552,14268,154,29589,California
Mendocino,2021-03-14,103,43779,2,22520,94,20851,7,408,11,15250,89,14357,18,29607,California
Mendocino,2021-03-15,597,44376,52,22572,488,21339,57,465,208,15127,388,14745,265,29872,California
Mendocino,2021-03-16,570,44946,373,22945,152,21491,45,510,139,14882,429,15174,184,30056,California
Mendocino,2021-03-17,1562,46508,1359,24304,56,21547,147,657,214,13905,1345,16519,368,30424,California
Mendocino,2021-03-18,1306,47814,248,24552,1020,22567,38,695,284,13212,1014,17533,321,30745,California
Mendocino,2021-03-19,1757,49571,858,25410,838,23405,61,756,337,12196,1416,18949,400,31145,California
Mendocino,2021-03-20,70,49641,11,25421,38,23443,21,777,14,12175,56,19005,35,31180,California
Mendocino,2021-03-21,9,49650,1,25422,3,23446,5,782,4,12179,5,19010,9,31189,California
Mendocino,2021-03-22,623,50273,579,26001,15,23461,29,811,146,11880,473,19483,174,31363,California
Mendocino,2021-03-23,167,50440,34,26035,103,23564,30,841,117,11977,50,19533,147,31510,California
Mendocino,2021-03-24,901,51341,828,26863,26,23590,47,888,114,11353,785,20318,161,31671,California
Mendocino,2021-03-25,1974,53315,51,26914,1904,25494,19,907,165,9730,1806,22124,183,31854,California
Mendocino,2021-03-26,508,53823,360,27274,123,25617,25,932,329,9905,179,22303,354,32208,California
Mendocino,2021-03-27,141,53964,12,27286,118,25735,11,943,82,9939,58,22361,92,32300,California
Mendocino,2021-03-28,26,53990,5,27291,17,25752,4,947,4,9925,22,22383,8,32308,California
Mendocino,2021-03-29,187,54177,98,27389,47,25799,42,989,96,9972,91,22474,138,32446,California
Mendocino,2021-03-30,683,54860,598,27987,48,25847,37,1026,420,10167,262,22736,457,32903,California
Mendocino,2021-03-31,862,55722,270,28257,533,26380,59,1085,412,10190,448,23184,471,33374,California
Mendocino,2021-04-01,1692,57414,394,28651,1220,27600,78,1163,378,9338,1307,24491,455,33829,California
Mendocino,2021-04-02,1284,58698,1056,29707,155,27755,73,1236,224,8578,1057,25548,297,34126,California
Mendocino,2021-04-03,704,59402,7,29714,676,28431,21,1257,88,8075,612,26160,109,34235,California
Mendocino,2021-04-04,68,59470,33,29747,29,28460,6,1263,53,8119,15,26175,59,34294,California
Mendocino,2021-04-05,198,59668,133,29880,41,28501,24,1287,123,8189,75,26250,145,34439,California
Mendocino,2021-04-06,380,60048,121,30001,178,28679,81,1368,106,8102,274,26524,187,34626,California
Mendocino,2021-04-07,468,60516,166,30167,62,28741,240,1608,113,8100,354,26878,352,34978,California
Mendocino,2021-04-08,1475,61991,908,31075,460,29201,107,1715,993,8725,476,27354,1101,36079,California
Mendocino,2021-04-09,748,62739,425,31500,169,29370,154,1869,394,8920,353,27707,548,36627,California
Mendocino,2021-04-10,141,62880,90,31590,6,29376,45,1914,86,8996,55,27762,131,36758,California
Mendocino,2021-04-11,121,63001,47,31637,18,29394,56,1970,58,9047,63,27825,114,36872,California
Mendocino,2021-04-12,469,63470,372,32009,43,29437,54,2024,299,9230,170,27995,353,37225,California
Mendocino,2021-04-13,283,63753,223,32232,60,29497,0,2024,219,9385,64,28059,219,37444,California
Mendocino,2021-04-14,371,64124,293,32525,78,29575,0,2024,275,9566,96,28155,277,37721,California
Mendocino,2021-04-15,597,64721,325,32850,272,29847,0,2024,385,9743,209,28364,386,38107,California
Mendocino,2021-04-16,54,64775,28,32878,26,29873,0,2024,20,9731,32,28396,20,38127,California
Merced,2020-12-16,3,3,3,3,0,0,0,0,3,3,0,0,3,3,California
Merced,2020-12-17,5,8,5,8,0,0,0,0,5,8,0,0,5,8,California
Merced,2020-12-18,145,153,145,153,0,0,0,0,145,153,0,0,145,153,California
Merced,2020-12-19,39,192,39,192,0,0,0,0,39,192,0,0,39,192,California
Merced,2020-12-20,17,209,17,209,0,0,0,0,17,209,0,0,17,209,California
Merced,2020-12-21,129,338,126,335,3,3,0,0,129,338,0,0,129,338,California
Merced,2020-12-22,162,500,162,497,0,3,0,0,162,500,0,0,162,500,California
Merced,2020-12-23,305,805,290,787,15,18,0,0,305,805,0,0,305,805,California
Merced,2020-12-24,71,876,71,858,0,18,0,0,71,876,0,0,71,876,California
Merced,2020-12-25,5,881,5,863,0,18,0,0,5,881,0,0,5,881,California
Merced,2020-12-26,7,888,4,867,3,21,0,0,7,888,0,0,7,888,California
Merced,2020-12-27,12,900,11,878,1,22,0,0,12,900,0,0,12,900,California
Merced,2020-12-28,124,1024,100,978,24,46,0,0,124,1024,0,0,124,1024,California
Merced,2020-12-29,189,1213,135,1113,54,100,0,0,189,1213,0,0,189,1213,California
Merced,2020-12-30,239,1452,93,1206,146,246,0,0,238,1451,0,0,238,1451,California
Merced,2020-12-31,126,1578,39,1245,87,333,0,0,123,1574,0,0,123,1574,California
Merced,2021-01-01,1,1579,0,1245,1,334,0,0,1,1575,0,0,1,1575,California
Merced,2021-01-02,128,1707,117,1362,11,345,0,0,129,1704,0,0,129,1704,California
Merced,2021-01-03,9,1716,5,1367,4,349,0,0,9,1713,0,0,9,1713,California
Merced,2021-01-04,84,1800,41,1408,43,392,0,0,84,1797,0,0,84,1797,California
Merced,2021-01-05,319,2119,230,1638,89,481,0,0,320,2113,6,6,322,2119,California
Merced,2021-01-06,271,2390,97,1735,174,655,0,0,266,2373,6,12,266,2385,California
Merced,2021-01-07,190,2580,79,1814,111,766,0,0,191,2553,11,23,191,2576,California
Merced,2021-01-08,535,3115,393,2207,142,908,0,0,390,2792,151,174,390,2966,California
Merced,2021-01-09,23,3138,10,2217,13,921,0,0,17,2803,6,180,17,2983,California
Merced,2021-01-10,10,3148,6,2223,4,925,0,0,6,2805,4,184,6,2989,California
Merced,2021-01-11,246,3394,170,2393,76,1001,0,0,119,2799,126,310,120,3109,California
Merced,2021-01-12,311,3705,161,2554,150,1151,0,0,258,3001,56,366,258,3367,California
Merced,2021-01-13,450,4155,232,2786,218,1369,0,0,237,3033,207,573,239,3606,California
Merced,2021-01-14,353,4508,213,2999,140,1509,0,0,182,3047,170,743,184,3790,California
Merced,2021-01-15,684,5192,148,3147,536,2045,0,0,661,3671,39,782,663,4453,California
Merced,2021-01-16,242,5434,151,3298,91,2136,0,0,237,3903,5,787,237,4690,California
Merced,2021-01-17,48,5482,11,3309,37,2173,0,0,47,3949,1,788,47,4737,California
Merced,2021-01-18,329,5811,155,3464,174,2347,0,0,307,4237,22,810,310,5047,California
Merced,2021-01-19,731,6542,582,4046,149,2496,0,0,549,4608,182,992,553,5600,California
Merced,2021-01-20,593,7135,484,4530,109,2605,0,0,528,5074,65,1057,531,6131,California
Merced,2021-01-21,1059,8194,686,5216,373,2978,0,0,957,5931,103,1160,960,7091,California
Merced,2021-01-22,1392,9586,709,5925,683,3661,0,0,1368,7285,26,1186,1380,8471,California
Merced,2021-01-23,307,9893,185,6110,122,3783,0,0,203,7382,106,1292,203,8674,California
Merced,2021-01-24,34,9927,16,6126,18,3801,0,0,25,7399,8,1300,25,8699,California
Merced,2021-01-25,779,10706,269,6395,510,4311,0,0,702,8042,59,1359,702,9401,California
Merced,2021-01-26,944,11650,480,6875,464,4775,0,0,687,8520,210,1569,688,10089,California
Merced,2021-01-27,1030,12680,583,7458,447,5222,0,0,840,9197,163,1732,840,10929,California
Merced,2021-01-28,1203,13883,587,8045,616,5838,0,0,1044,10107,135,1867,1045,11974,California
Merced,2021-01-29,907,14790,339,8384,568,6406,0,0,650,10515,244,2111,652,12626,California
Merced,2021-01-30,286,15076,27,8411,259,6665,0,0,270,10769,16,2127,270,12896,California
Merced,2021-01-31,46,15122,10,8421,36,6701,0,0,45,10813,1,2128,45,12941,California
Merced,2021-02-01,375,15497,52,8473,323,7024,0,0,323,11085,51,2179,323,13264,California
Merced,2021-02-02,292,15789,180,8653,112,7136,0,0,173,11142,117,2296,174,13438,California
Merced,2021-02-03,393,16182,69,8722,324,7460,0,0,198,11145,195,2491,198,13636,California
Merced,2021-02-04,429,16611,158,8880,271,7731,0,0,273,11266,153,2644,274,13910,California
Merced,2021-02-05,625,17236,215,9095,410,8141,0,0,324,11304,288,2932,326,14236,California
Merced,2021-02-06,443,17679,248,9343,195,8336,0,0,270,11404,171,3103,271,14507,California
Merced,2021-02-07,20,17699,12,9355,8,8344,0,0,13,11410,7,3110,13,14520,California
Merced,2021-02-08,320,18019,218,9573,102,8446,0,0,180,11454,137,3247,181,14701,California
Merced,2021-02-09,1279,19298,963,10536,316,8762,0,0,806,11805,456,3703,807,15508,California
Merced,2021-02-10,1920,21218,1433,11969,487,9249,0,0,1335,12563,577,4280,1335,16843,California
Merced,2021-02-11,2607,23825,2039,14008,568,9817,0,0,1856,13674,745,5025,1856,18699,California
Merced,2021-02-12,1890,25715,1061,15069,829,10646,0,0,837,13471,1041,6066,838,19537,California
Merced,2021-02-13,363,26078,202,15271,161,10807,0,0,267,13644,96,6162,269,19806,California
Merced,2021-02-14,117,26195,27,15298,90,10897,0,0,95,13718,22,6184,96,19902,California
Merced,2021-02-15,272,26467,40,15338,232,11129,0,0,169,13790,98,6282,170,20072,California
Merced,2021-02-16,1292,27759,865,16203,427,11556,0,0,865,14251,407,6689,868,20940,California
Merced,2021-02-17,1945,29704,1676,17879,269,11825,0,0,1368,15056,565,7254,1370,22310,California
Merced,2021-02-18,1315,31019,854,18733,461,12286,0,0,457,14682,831,8085,457,22767,California
Merced,2021-02-19,1324,32343,438,19171,886,13172,0,0,573,14512,745,8830,575,23342,California
Merced,2021-02-20,274,32617,31,19202,243,13415,0,0,141,14521,132,8962,141,23483,California
Merced,2021-02-21,74,32691,59,19261,15,13430,0,0,30,14507,44,9006,30,23513,California
Merced,2021-02-22,924,33615,375,19636,549,13979,0,0,578,14740,345,9351,578,24091,California
Merced,2021-02-23,1181,34796,487,20123,694,14673,0,0,734,15031,443,9794,734,24825,California
Merced,2021-02-24,850,35646,301,20424,549,15222,0,0,465,15121,375,10169,465,25290,California
Merced,2021-02-25,1957,37603,991,21415,966,16188,0,0,1478,16136,464,10633,1479,26769,California
Merced,2021-02-26,2354,39957,1506,22921,848,17036,0,0,1927,17635,429,11062,1928,28697,California
Merced,2021-02-27,2897,42854,1309,24230,1587,18623,1,1,2586,19915,307,11369,2587,31284,California
Merced,2021-02-28,332,43186,70,24300,262,18885,0,1,286,20157,44,11413,286,31570,California
Merced,2021-03-01,1189,44375,277,24577,912,19797,0,1,858,20688,327,11740,858,32428,California
Merced,2021-03-02,1806,46181,916,25493,890,20687,0,1,1403,21704,387,12127,1403,33831,California
Merced,2021-03-03,2370,48551,1827,27320,542,21229,1,2,1574,22518,762,12889,1576,35407,California
Merced,2021-03-04,3106,51657,2437,29757,667,21896,2,4,2217,23766,971,13860,2219,37626,California
Merced,2021-03-05,2486,54143,1537,31294,926,22822,23,27,1870,25074,586,14446,1894,39520,California
Merced,2021-03-06,1285,55428,748,32042,515,23337,22,49,1009,25827,278,14724,1031,40551,California
Merced,2021-03-07,282,55710,62,32104,195,23532,25,74,253,26076,29,14753,278,40829,California
Merced,2021-03-08,1266,56976,624,32728,577,24109,65,139,1053,26980,213,14966,1117,41946,California
Merced,2021-03-09,1745,58721,1036,33764,596,24705,113,252,1159,27671,582,15548,1273,43219,California
Merced,2021-03-10,2914,61635,2020,35784,680,25385,214,466,1829,28637,1082,16630,2048,45267,California
Merced,2021-03-11,2002,63637,696,36480,1099,26484,207,673,1380,29683,564,17194,1610,46877,California
Merced,2021-03-12,2506,66143,1143,37623,1093,27577,270,943,1741,30942,763,17957,2022,48899,California
Merced,2021-03-13,778,66921,369,37992,167,27744,242,1185,469,31353,301,18258,712,49611,California
Merced,2021-03-14,248,67169,135,38127,83,27827,30,1215,150,31437,97,18355,181,49792,California
Merced,2021-03-15,1579,68748,522,38649,792,28619,265,1480,1049,32228,522,18877,1313,51105,California
Merced,2021-03-16,1607,70355,834,39483,550,29169,223,1703,1051,33019,483,19360,1274,52379,California
Merced,2021-03-17,2264,72619,1310,40793,772,29941,182,1885,1736,34483,457,19817,1921,54300,California
Merced,2021-03-18,2128,74747,1211,42004,758,30699,159,2044,1491,35496,648,20465,1661,55961,California
Merced,2021-03-19,3167,77914,1868,43872,1105,31804,194,2238,1747,36044,1396,21861,1944,57905,California
Merced,2021-03-20,2684,80598,1752,45624,535,32339,397,2635,1177,36120,1501,23362,1577,59482,California
Merced,2021-03-21,674,81272,342,45966,319,32658,13,2648,555,36571,119,23481,570,60052,California
Merced,2021-03-22,1362,82634,717,46683,561,33219,84,2732,973,37247,382,23863,1058,61110,California
Merced,2021-03-23,1953,84587,1192,47875,697,33916,64,2796,1469,38318,463,24326,1534,62644,California
Merced,2021-03-24,1411,85998,840,48715,527,34443,44,2840,1043,39048,357,24683,1087,63731,California
Merced,2021-03-25,3624,89622,2533,51248,1069,35512,22,2862,2132,39720,1485,26168,2157,65888,California
Merced,2021-03-26,2175,91797,1283,52531,859,36371,33,2895,944,39475,1222,27390,977,66865,California
Merced,2021-03-27,2950,94747,1529,54060,1353,37724,68,2963,1113,38828,1828,29218,1181,68046,California
Merced,2021-03-28,575,95322,208,54268,360,38084,7,2970,252,38766,323,29541,261,68307,California
Merced,2021-03-29,1656,96978,458,54726,951,39035,247,3217,663,38693,987,30528,914,69221,California
Merced,2021-03-30,2291,99269,856,55582,1377,40412,58,3275,1045,38555,1241,31769,1103,70324,California
Merced,2021-03-31,2402,101671,1658,57240,711,41123,33,3308,1046,38293,1342,33111,1080,71404,California
Merced,2021-04-01,2252,103923,1085,58325,1061,42184,106,3414,817,37789,1429,34540,925,72329,California
Merced,2021-04-02,2714,106637,751,59076,1535,43719,428,3842,962,37448,1734,36274,1393,73722,California
Merced,2021-04-03,897,107534,403,59479,484,44203,10,3852,456,37475,440,36714,467,74189,California
Merced,2021-04-04,458,107992,141,59620,314,44517,3,3855,194,37411,263,36977,199,74388,California
Merced,2021-04-05,1310,109302,535,60155,488,45005,287,4142,421,37231,888,37865,708,75096,California
Merced,2021-04-06,2498,111800,710,60865,739,45744,1049,5191,772,37328,1725,39590,1822,76918,California
Merced,2021-04-07,1788,113588,961,61826,700,46444,127,5318,608,36892,1173,40763,737,77655,California
Merced,2021-04-08,2169,115757,1017,62843,927,47371,225,5543,792,36558,1349,42112,1015,78670,California
Merced,2021-04-09,2007,117764,592,63435,701,48072,714,6257,622,36529,1368,43480,1339,80009,California
Merced,2021-04-10,800,118564,454,63889,134,48206,212,6469,172,36288,625,44105,384,80393,California
Merced,2021-04-11,486,119050,278,64167,72,48278,136,6605,148,36236,336,44441,284,80677,California
Merced,2021-04-12,1207,120257,698,64865,382,48660,127,6732,716,36620,459,44900,843,81520,California
Merced,2021-04-13,1891,122148,1334,66199,554,49214,3,6735,948,36707,867,45767,954,82474,California
Merced,2021-04-14,1606,123754,1124,67323,482,49696,0,6735,800,36825,684,46451,802,83276,California
Merced,2021-04-15,2529,126283,1992,69315,537,50233,0,6735,796,36042,1583,48034,800,84076,California
Merced,2021-04-16,1207,127490,591,69906,616,50849,0,6735,590,36018,615,48649,591,84667,California
Modoc,2020-12-16,1,1,1,1,0,0,0,0,1,1,0,0,1,1,California
Modoc,2020-12-21,100,101,100,101,0,0,0,0,100,101,0,0,100,101,California
Modoc,2020-12-22,14,115,14,115,0,0,0,0,14,115,0,0,14,115,California
Modoc,2020-12-23,4,119,4,119,0,0,0,0,4,119,0,0,4,119,California
Modoc,2020-12-24,1,120,1,120,0,0,0,0,1,120,0,0,1,120,California
Modoc,2020-12-28,2,122,2,122,0,0,0,0,2,122,0,0,2,122,California
Modoc,2020-12-29,10,132,1,123,9,9,0,0,10,132,0,0,10,132,California
Modoc,2020-12-30,7,139,0,123,7,16,0,0,7,139,0,0,7,139,California
Modoc,2021-01-02,2,141,0,123,2,18,0,0,2,141,0,0,2,141,California
Modoc,2021-01-04,8,149,0,123,8,26,0,0,8,149,0,0,8,149,California
Modoc,2021-01-05,2,151,1,124,1,27,0,0,2,151,0,0,2,151,California
Modoc,2021-01-06,3,154,2,126,1,28,0,0,2,152,1,1,2,153,California
Modoc,2021-01-07,72,226,0,126,72,100,0,0,72,224,0,1,72,225,California
Modoc,2021-01-08,105,331,0,126,105,205,0,0,105,329,0,1,105,330,California
Modoc,2021-01-10,1,332,1,127,0,205,0,0,0,328,1,2,0,330,California
Modoc,2021-01-11,91,423,82,209,9,214,0,0,19,275,72,74,19,349,California
Modoc,2021-01-12,94,517,25,234,69,283,0,0,68,317,26,100,68,417,California
Modoc,2021-01-13,24,541,4,238,20,303,0,0,22,337,2,102,22,439,California
Modoc,2021-01-14,129,670,6,244,123,426,0,0,124,456,5,107,124,563,California
Modoc,2021-01-15,6,676,1,245,5,431,0,0,6,462,0,107,6,569,California
Modoc,2021-01-16,1,677,1,246,0,431,0,0,1,463,0,107,1,570,California
Modoc,2021-01-18,1,678,1,247,0,431,0,0,1,464,0,107,1,571,California
Modoc,2021-01-19,5,683,3,250,2,433,0,0,3,465,2,109,3,574,California
Modoc,2021-01-20,11,694,1,251,10,443,0,0,11,476,0,109,11,585,California
Modoc,2021-01-21,158,852,2,253,156,599,0,0,158,634,0,109,158,743,California
Modoc,2021-01-22,2,854,0,253,2,601,0,0,2,636,0,109,2,745,California
Modoc,2021-01-25,11,865,0,253,11,612,0,0,11,647,0,109,11,756,California
Modoc,2021-01-26,65,930,1,254,64,676,0,0,65,712,0,109,65,821,California
Modoc,2021-01-27,41,971,2,256,39,715,0,0,25,721,16,125,25,846,California
Modoc,2021-01-28,144,1115,1,257,143,858,0,0,144,865,0,125,144,990,California
Modoc,2021-01-29,3,1118,1,258,2,860,0,0,3,868,0,125,3,993,California
Modoc,2021-02-01,25,1143,12,270,13,873,0,0,11,865,14,139,11,1004,California
Modoc,2021-02-02,170,1313,2,272,168,1041,0,0,167,1029,3,142,167,1171,California
Modoc,2021-02-03,18,1331,13,285,5,1046,0,0,11,1033,7,149,11,1182,California
Modoc,2021-02-04,155,1486,4,289,151,1197,0,0,27,932,128,277,27,1209,California
Modoc,2021-02-05,4,1490,3,292,1,1198,0,0,3,934,1,278,3,1212,California
Modoc,2021-02-08,9,1499,2,294,7,1205,0,0,8,941,1,279,8,1220,California
Modoc,2021-02-09,198,1697,13,307,185,1390,0,0,67,877,131,410,67,1287,California
Modoc,2021-02-10,5,1702,2,309,3,1393,0,0,4,880,1,411,4,1291,California
Modoc,2021-02-11,201,1903,3,312,198,1591,0,0,83,845,118,529,83,1374,California
Modoc,2021-02-12,5,1908,1,313,4,1595,0,0,3,846,2,531,3,1377,California
Modoc,2021-02-13,1,1909,0,313,1,1596,0,0,1,847,0,531,1,1378,California
Modoc,2021-02-16,147,2056,6,319,141,1737,0,0,143,986,4,535,143,1521,California
Modoc,2021-02-17,24,2080,1,320,23,1760,0,0,12,986,12,547,12,1533,California
Modoc,2021-02-18,189,2269,2,322,187,1947,0,0,25,849,163,710,26,1559,California
Modoc,2021-02-19,2,2271,2,324,0,1947,0,0,2,851,0,710,2,1561,California
Modoc,2021-02-20,1,2272,1,325,0,1947,0,0,1,852,0,710,1,1562,California
Modoc,2021-02-22,17,2289,9,334,8,1955,0,0,3,841,14,724,3,1565,California
Modoc,2021-02-23,20,2309,2,336,18,1973,0,0,1,823,19,743,1,1566,California
Modoc,2021-02-24,90,2399,1,337,89,2062,0,0,30,793,60,803,30,1596,California
Modoc,2021-02-25,168,2567,0,337,168,2230,0,0,12,649,156,959,12,1608,California
Modoc,2021-02-26,3,2570,0,337,3,2233,0,0,1,648,2,961,1,1609,California
Modoc,2021-02-27,5,2575,5,342,0,2233,0,0,2,647,3,964,2,1611,California
Modoc,2021-03-01,4,2579,0,342,4,2237,0,0,0,643,4,968,0,1611,California
Modoc,2021-03-02,193,2772,12,354,181,2418,0,0,26,502,167,1135,26,1637,California
Modoc,2021-03-03,12,2784,6,360,6,2424,0,0,2,494,10,1145,2,1639,California
Modoc,2021-03-04,175,2959,2,362,173,2597,0,0,148,615,27,1172,148,1787,California
Modoc,2021-03-05,4,2963,3,365,1,2598,0,0,2,615,2,1174,2,1789,California
Modoc,2021-03-06,10,2973,0,365,0,2598,10,10,0,615,10,1184,10,1799,California
Modoc,2021-03-07,6,2979,1,366,0,2598,5,15,1,616,5,1189,6,1805,California
Modoc,2021-03-08,7,2986,1,367,2,2600,4,19,1,615,6,1195,5,1810,California
Modoc,2021-03-09,127,3113,10,377,109,2709,8,27,61,618,66,1261,69,1879,California
Modoc,2021-03-10,9,3122,3,380,2,2711,4,31,4,621,5,1266,8,1887,California
Modoc,2021-03-11,207,3329,0,380,99,2810,108,139,22,566,185,1451,130,2017,California
Modoc,2021-03-12,10,3339,1,381,4,2814,5,144,4,569,6,1457,9,2026,California
Modoc,2021-03-13,4,3343,0,381,1,2815,3,147,1,570,3,1460,4,2030,California
Modoc,2021-03-15,12,3355,1,382,10,2825,1,148,10,579,2,1462,11,2041,California
Modoc,2021-03-16,173,3528,1,383,168,2993,4,152,42,493,131,1593,45,2086,California
Modoc,2021-03-17,10,3538,1,384,4,2997,5,157,2,492,8,1601,7,2093,California
Modoc,2021-03-18,67,3605,1,385,59,3056,7,164,35,502,32,1633,42,2135,California
Modoc,2021-03-19,5,3610,0,385,0,3056,5,169,0,502,5,1638,5,2140,California
Modoc,2021-03-20,6,3616,2,387,1,3057,3,172,1,501,5,1643,4,2144,California
Modoc,2021-03-21,4,3620,1,388,1,3058,2,174,2,503,2,1645,4,2148,California
Modoc,2021-03-22,18,3638,1,389,11,3069,6,180,12,515,6,1651,18,2166,California
Modoc,2021-03-23,33,3671,5,394,25,3094,3,183,25,535,8,1659,28,2194,California
Modoc,2021-03-24,29,3700,1,395,18,3112,10,193,2,520,27,1686,12,2206,California
Modoc,2021-03-25,64,3764,1,396,61,3173,2,195,32,522,32,1718,34,2240,California
Modoc,2021-03-26,7,3771,2,398,2,3175,3,198,2,522,5,1723,5,2245,California
Modoc,2021-03-27,2,3773,0,398,1,3176,1,199,1,523,1,1724,2,2247,California
Modoc,2021-03-28,2,3775,1,399,0,3176,1,200,0,522,2,1726,1,2248,California
Modoc,2021-03-29,14,3789,1,400,5,3181,8,208,5,526,9,1735,13,2261,California
Modoc,2021-03-30,57,3846,11,411,39,3220,7,215,23,522,34,1769,30,2291,California
Modoc,2021-03-31,9,3855,3,414,2,3222,4,219,3,523,6,1775,7,2298,California
Modoc,2021-04-01,170,4025,3,417,162,3384,5,224,35,428,135,1910,40,2338,California
Modoc,2021-04-02,4,4029,0,417,1,3385,3,227,0,428,3,1913,3,2341,California
Modoc,2021-04-03,4,4033,2,419,0,3385,2,229,2,430,2,1915,4,2345,California
Modoc,2021-04-05,9,4042,0,419,9,3394,0,229,9,439,0,1915,9,2354,California
Modoc,2021-04-06,24,4066,5,424,9,3403,10,239,6,437,18,1933,16,2370,California
Modoc,2021-04-07,10,4076,1,425,3,3406,6,245,2,437,8,1941,8,2378,California
Modoc,2021-04-08,97,4173,1,426,93,3499,3,248,26,395,71,2012,29,2407,California
Modoc,2021-04-09,10,4183,1,427,6,3505,3,251,2,391,8,2020,4,2411,California
Modoc,2021-04-10,6,4189,0,427,1,3506,5,256,0,390,6,2026,5,2416,California
Modoc,2021-04-11,2,4191,2,429,0,3506,0,256,1,390,1,2027,1,2417,California
Modoc,2021-04-12,14,4205,1,430,9,3515,4,260,1,384,11,2038,5,2422,California
Modoc,2021-04-13,28,4233,27,457,1,3516,0,260,21,398,7,2045,21,2443,California
Modoc,2021-04-14,1,4234,1,458,0,3516,0,260,0,397,1,2046,0,2443,California
Modoc,2021-04-15,98,4332,0,458,98,3614,0,260,25,349,73,2119,25,2468,California
Modoc,2021-04-16,1,4333,1,459,0,3614,0,260,1,350,0,2119,1,2469,California
Mono,2020-12-18,1,1,1,1,0,0,0,0,1,1,0,0,1,1,California
Mono,2020-12-19,5,6,5,6,0,0,0,0,5,6,0,0,5,6,California
Mono,2020-12-20,7,13,7,13,0,0,0,0,7,13,0,0,7,13,California
Mono,2020-12-21,24,37,17,30,7,7,0,0,24,37,0,0,24,37,California
Mono,2020-12-22,66,103,65,95,1,8,0,0,66,103,0,0,66,103,California
Mono,2020-12-23,70,173,42,137,28,36,0,0,70,173,0,0,70,173,California
Mono,2020-12-24,3,176,1,138,2,38,0,0,3,176,0,0,3,176,California
Mono,2020-12-26,3,179,3,141,0,38,0,0,3,179,0,0,3,179,California
Mono,2020-12-28,94,273,63,204,31,69,0,0,94,273,0,0,94,273,California
Mono,2020-12-29,29,302,29,233,0,69,0,0,29,302,0,0,29,302,California
Mono,2020-12-30,76,378,35,268,41,110,0,0,76,378,0,0,76,378,California
Mono,2020-12-31,4,382,1,269,3,113,0,0,4,382,0,0,4,382,California
Mono,2021-01-01,4,386,4,273,0,113,0,0,4,386,0,0,4,386,California
Mono,2021-01-02,1,387,1,274,0,113,0,0,1,387,0,0,1,387,California
Mono,2021-01-04,1,388,0,274,1,114,0,0,1,388,0,0,1,388,California
Mono,2021-01-05,45,433,2,276,43,157,0,0,44,431,1,1,44,432,California
Mono,2021-01-06,44,477,0,276,44,201,0,0,44,475,0,1,44,476,California
Mono,2021-01-07,55,532,3,279,52,253,0,0,54,528,1,2,54,530,California
Mono,2021-01-08,2,534,1,280,1,254,0,0,1,528,1,3,1,531,California
Mono,2021-01-09,4,538,4,284,0,254,0,0,0,524,4,7,0,531,California
Mono,2021-01-10,5,543,5,289,0,254,0,0,0,519,5,12,0,531,California
Mono,2021-01-11,7,550,4,293,3,257,0,0,3,518,4,16,3,534,California
Mono,2021-01-12,283,833,75,368,208,465,0,0,219,674,63,79,219,753,California
Mono,2021-01-13,233,1066,73,441,160,625,0,0,178,797,55,134,178,931,California
Mono,2021-01-14,73,1139,71,512,2,627,0,0,73,870,0,134,73,1004,California
Mono,2021-01-15,62,1201,2,514,60,687,0,0,62,932,0,134,62,1066,California
Mono,2021-01-16,4,1205,3,517,1,688,0,0,1,930,3,137,1,1067,California
Mono,2021-01-18,63,1268,54,571,9,697,0,0,2,871,61,198,2,1069,California
Mono,2021-01-19,209,1477,207,778,2,699,0,0,171,1005,38,236,172,1241,California
Mono,2021-01-20,230,1707,199,977,31,730,0,0,169,1113,61,297,169,1410,California
Mono,2021-01-21,3,1710,3,980,0,730,0,0,3,1116,0,297,3,1413,California
Mono,2021-01-22,4,1714,0,980,4,734,0,0,4,1120,0,297,4,1417,California
Mono,2021-01-23,596,2310,596,1576,0,734,0,0,595,1714,1,298,595,2012,California
Mono,2021-01-25,205,2515,167,1743,38,772,0,0,166,1841,39,337,166,2178,California
Mono,2021-01-26,509,3024,507,2250,2,774,0,0,504,2340,5,342,504,2682,California
Mono,2021-01-27,5,3029,1,2251,4,778,0,0,5,2345,0,342,5,2687,California
Mono,2021-01-28,7,3036,3,2254,4,782,0,0,3,2344,4,346,3,2690,California
Mono,2021-01-30,201,3237,199,2453,2,784,0,0,201,2545,0,346,201,2891,California
Mono,2021-01-31,243,3480,138,2591,105,889,0,0,139,2580,104,450,139,3030,California
Mono,2021-02-01,27,3507,27,2618,0,889,0,0,0,2553,27,477,0,3030,California
Mono,2021-02-02,5,3512,0,2618,5,894,0,0,2,2552,3,480,2,3032,California
Mono,2021-02-03,4,3516,2,2620,2,896,0,0,2,2552,2,482,2,3034,California
Mono,2021-02-04,211,3727,158,2778,53,949,0,0,90,2521,121,603,90,3124,California
Mono,2021-02-05,623,4350,617,3395,6,955,0,0,620,3138,3,606,620,3744,California
Mono,2021-02-06,140,4490,139,3534,1,956,0,0,138,3274,2,608,138,3882,California
Mono,2021-02-07,2,4492,0,3534,2,958,0,0,2,3276,0,608,2,3884,California
Mono,2021-02-08,172,4664,172,3706,0,958,0,0,15,3135,156,764,15,3899,California
Mono,2021-02-09,226,4890,5,3711,221,1179,0,0,14,2937,212,976,14,3913,California
Mono,2021-02-10,536,5426,186,3897,350,1529,0,0,194,2790,342,1318,195,4108,California
Mono,2021-02-11,7,5433,4,3901,3,1532,0,0,2,2787,5,1323,2,4110,California
Mono,2021-02-12,84,5517,20,3921,64,1596,0,0,26,2755,58,1381,26,4136,California
Mono,2021-02-13,587,6104,587,4508,0,1596,0,0,25,2219,561,1942,25,4161,California
Mono,2021-02-15,168,6272,166,4674,2,1598,0,0,3,2059,163,2105,3,4164,California
Mono,2021-02-16,518,6790,515,5189,3,1601,0,0,44,1631,472,2577,44,4208,California
Mono,2021-02-17,5,6795,1,5190,4,1605,0,0,1,1628,4,2581,1,4209,California
Mono,2021-02-18,2,6797,2,5192,0,1605,0,0,1,1628,1,2582,1,4210,California
Mono,2021-02-19,54,6851,53,5245,1,1606,0,0,54,1682,0,2582,54,4264,California
Mono,2021-02-20,4,6855,4,5249,0,1606,0,0,4,1686,0,2582,4,4268,California
Mono,2021-02-21,3,6858,3,5252,0,1606,0,0,3,1689,0,2582,3,4271,California
Mono,2021-02-22,285,7143,284,5536,1,1607,0,0,24,1453,260,2842,24,4295,California
Mono,2021-02-23,135,7278,115,5651,20,1627,0,0,22,1362,113,2955,22,4317,California
Mono,2021-02-24,8,7286,3,5654,5,1632,0,0,2,1358,6,2961,2,4319,California
Mono,2021-02-25,5,7291,2,5656,3,1635,0,0,3,1360,1,2962,3,4322,California
Mono,2021-02-26,602,7893,601,6257,1,1636,0,0,19,797,582,3544,19,4341,California
Mono,2021-02-27,142,8035,138,6395,4,1640,0,0,4,666,135,3679,4,4345,California
Mono,2021-03-01,2,8037,2,6397,0,1640,0,0,1,667,0,3679,1,4346,California
Mono,2021-03-02,5,8042,3,6400,2,1642,0,0,3,668,2,3681,3,4349,California
Mono,2021-03-03,81,8123,2,6402,79,1721,0,0,78,744,2,3683,78,4427,California
Mono,2021-03-04,4,8127,0,6402,4,1725,0,0,2,744,2,3685,2,4429,California
Mono,2021-03-05,37,8164,27,6429,10,1735,0,0,14,735,23,3708,14,4443,California
Mono,2021-03-06,510,8674,16,6445,494,2229,0,0,504,1234,5,3713,504,4947,California
Mono,2021-03-07,1,8675,0,6445,1,2230,0,0,0,1233,1,3714,0,4947,California
Mono,2021-03-08,542,9217,11,6456,528,2758,3,3,533,1760,9,3723,536,5483,California
Mono,2021-03-09,6,9223,2,6458,3,2761,1,4,3,1762,2,3725,4,5487,California
Mono,2021-03-10,286,9509,91,6549,192,2953,3,7,10,1501,274,3999,13,5500,California
Mono,2021-03-11,10,9519,0,6549,1,2954,9,16,0,1500,10,4009,9,5509,California
Mono,2021-03-12,7,9526,1,6550,1,2955,5,21,0,1498,7,4016,5,5514,California
Mono,2021-03-13,826,10352,389,6939,437,3392,0,21,818,2308,8,4024,818,6332,California
Mono,2021-03-14,4,10356,4,6943,0,3392,0,21,1,2306,3,4027,1,6333,California
Mono,2021-03-15,29,10385,23,6966,1,3393,5,26,13,2308,16,4043,18,6351,California
Mono,2021-03-16,16,10401,6,6972,4,3397,6,32,8,2314,8,4051,14,6365,California
Mono,2021-03-17,32,10433,3,6975,21,3418,8,40,21,2332,11,4062,29,6394,California
Mono,2021-03-18,19,10452,2,6977,9,3427,8,48,8,2337,11,4073,16,6410,California
Mono,2021-03-19,22,10474,1,6978,18,3445,3,51,18,2355,3,4076,21,6431,California
Mono,2021-03-20,4,10478,3,6981,0,3445,1,52,3,2358,1,4077,4,6435,California
Mono,2021-03-21,1,10479,1,6982,0,3445,0,52,1,2359,0,4077,1,6436,California
Mono,2021-03-22,11,10490,0,6982,6,3451,5,57,5,2363,6,4083,10,6446,California
Mono,2021-03-23,42,10532,5,6987,32,3483,5,62,19,2364,23,4106,24,6470,California
Mono,2021-03-24,12,10544,1,6988,6,3489,5,67,6,2369,6,4112,11,6481,California
Mono,2021-03-25,18,10562,2,6990,12,3501,4,71,12,2379,6,4118,16,6497,California
Mono,2021-03-26,21,10583,3,6993,13,3514,5,76,12,2388,8,4126,17,6514,California
Mono,2021-03-27,353,10936,350,7343,3,3517,0,76,328,2691,25,4151,328,6842,California
Mono,2021-03-28,1,10937,1,7344,0,3517,0,76,1,2692,0,4151,1,6843,California
Mono,2021-03-29,9,10946,2,7346,6,3523,1,77,8,2700,1,4152,9,6852,California
Mono,2021-03-30,15,10961,0,7346,11,3534,4,81,10,2709,5,4157,14,6866,California
Mono,2021-03-31,123,11084,7,7353,115,3649,1,82,46,2680,76,4233,47,6913,California
Mono,2021-04-01,8,11092,0,7353,7,3656,1,83,3,2679,5,4238,4,6917,California
Mono,2021-04-02,17,11109,2,7355,15,3671,0,83,6,2674,11,4249,6,6923,California
Mono,2021-04-03,849,11958,366,7721,483,4154,0,83,35,1896,813,5062,35,6958,California
Mono,2021-04-05,532,12490,17,7738,514,4668,1,84,32,1430,499,5561,33,6991,California
Mono,2021-04-06,20,12510,2,7740,5,4673,13,97,2,1427,18,5579,15,7006,California
Mono,2021-04-07,22,12532,2,7742,2,4675,18,115,3,1429,19,5598,21,7027,California
Mono,2021-04-08,21,12553,2,7744,2,4677,17,132,3,1431,18,5616,20,7047,California
Mono,2021-04-09,35,12588,1,7745,4,4681,30,162,4,1434,31,5647,34,7081,California
Mono,2021-04-10,446,13034,2,7747,437,5118,7,169,28,1051,418,6065,35,7116,California
Mono,2021-04-11,1,13035,1,7748,0,5118,0,169,0,1050,1,6066,0,7116,California
Mono,2021-04-12,6,13041,0,7748,3,5121,3,172,3,1053,3,6069,6,7122,California
Mono,2021-04-13,19,13060,3,7751,15,5136,1,173,13,1061,6,6075,14,7136,California
Mono,2021-04-14,25,13085,0,7751,25,5161,0,173,6,1048,19,6094,6,7142,California
Mono,2021-04-15,17,13102,1,7752,16,5177,0,173,9,1049,8,6102,9,7151,California
Mono,2021-04-16,7,13109,4,7756,3,5180,0,173,5,1052,2,6104,5,7156,California
Monterey,2020-12-16,4,4,4,4,0,0,0,0,4,4,0,0,4,4,California
Monterey,2020-12-17,83,87,83,87,0,0,0,0,83,87,0,0,83,87,California
Monterey,2020-12-18,481,568,481,568,0,0,0,0,481,568,0,0,481,568,California
Monterey,2020-12-19,579,1147,579,1147,0,0,0,0,579,1147,0,0,579,1147,California
Monterey,2020-12-20,422,1569,422,1569,0,0,0,0,422,1569,0,0,422,1569,California
Monterey,2020-12-21,720,2289,720,2289,0,0,0,0,720,2289,0,0,720,2289,California
Monterey,2020-12-22,533,2822,520,2809,13,13,0,0,533,2822,0,0,533,2822,California
Monterey,2020-12-23,436,3258,260,3069,176,189,0,0,436,3258,0,0,436,3258,California
Monterey,2020-12-24,84,3342,10,3079,74,263,0,0,84,3342,0,0,84,3342,California
Monterey,2020-12-25,6,3348,0,3079,6,269,0,0,6,3348,0,0,6,3348,California
Monterey,2020-12-26,92,3440,5,3084,87,356,0,0,92,3440,0,0,92,3440,California
Monterey,2020-12-27,7,3447,4,3088,3,359,0,0,7,3447,0,0,7,3447,California
Monterey,2020-12-28,477,3924,25,3113,452,811,0,0,477,3924,0,0,477,3924,California
Monterey,2020-12-29,900,4824,167,3280,733,1544,0,0,900,4824,0,0,900,4824,California
Monterey,2020-12-30,568,5392,98,3378,470,2014,0,0,568,5392,0,0,568,5392,California
Monterey,2020-12-31,35,5427,11,3389,24,2038,0,0,35,5427,0,0,35,5427,California
Monterey,2021-01-01,11,5438,2,3391,9,2047,0,0,11,5438,0,0,11,5438,California
Monterey,2021-01-02,137,5575,134,3525,3,2050,0,0,137,5575,0,0,137,5575,California
Monterey,2021-01-03,30,5605,29,3554,1,2051,0,0,30,5605,0,0,30,5605,California
Monterey,2021-01-04,410,6015,18,3572,392,2443,0,0,410,6015,0,0,410,6015,California
Monterey,2021-01-05,750,6765,326,3898,424,2867,0,0,736,6737,14,14,736,6751,California
Monterey,2021-01-06,655,7420,172,4070,483,3350,0,0,633,7348,22,36,633,7384,California
Monterey,2021-01-07,743,8163,570,4640,173,3523,0,0,419,7445,322,358,419,7803,California
Monterey,2021-01-08,1085,9248,733,5373,352,3875,0,0,393,7146,692,1050,393,8196,California
Monterey,2021-01-09,963,10211,935,6308,28,3903,0,0,313,6809,650,1700,313,8509,California
Monterey,2021-01-10,273,10484,270,6578,3,3906,0,0,8,6552,265,1965,8,8517,California
Monterey,2021-01-11,1066,11550,985,7563,81,3987,0,0,362,6210,704,2669,362,8879,California
Monterey,2021-01-12,464,12014,387,7950,77,4064,0,0,203,6152,261,2930,203,9082,California
Monterey,2021-01-13,1217,13231,590,8540,627,4691,0,0,1173,7281,44,2974,1173,10255,California
Monterey,2021-01-14,1047,14278,93,8633,954,5645,0,0,1029,8295,18,2992,1032,11287,California
Monterey,2021-01-15,1043,15321,43,8676,1000,6645,0,0,1030,9312,13,3005,1030,12317,California
Monterey,2021-01-16,361,15682,298,8974,63,6708,0,0,356,9663,5,3010,356,12673,California
Monterey,2021-01-17,309,15991,288,9262,21,6729,0,0,296,9946,13,3023,296,12969,California
Monterey,2021-01-18,401,16392,50,9312,351,7080,0,0,380,10305,21,3044,380,13349,California
Monterey,2021-01-19,575,16967,394,9706,181,7261,0,0,416,10564,157,3201,416,13765,California
Monterey,2021-01-20,530,17497,268,9974,262,7523,0,0,324,10682,206,3407,324,14089,California
Monterey,2021-01-21,839,18336,93,10067,746,8269,0,0,729,11305,110,3517,733,14822,California
Monterey,2021-01-22,1045,19381,191,10258,854,9123,0,0,1006,12272,39,3556,1006,15828,California
Monterey,2021-01-23,240,19621,174,10432,66,9189,0,0,117,12268,122,3678,118,15946,California
Monterey,2021-01-24,56,19677,38,10470,18,9207,0,0,22,12256,34,3712,22,15968,California
Monterey,2021-01-25,783,20460,173,10643,610,9817,0,0,156,11792,620,4332,156,16124,California
Monterey,2021-01-26,924,21384,221,10864,703,10520,0,0,233,11334,691,5023,233,16357,California
Monterey,2021-01-27,858,22242,307,11171,551,11071,0,0,376,11228,482,5505,376,16733,California
Monterey,2021-01-28,2008,24250,736,11907,1272,12343,0,0,1667,12556,341,5846,1669,18402,California
Monterey,2021-01-29,1224,25474,704,12611,520,12863,0,0,1109,13552,114,5960,1110,19512,California
Monterey,2021-01-30,432,25906,285,12896,147,13010,0,0,181,13482,251,6211,181,19693,California
Monterey,2021-01-31,493,26399,71,12967,422,13432,0,0,484,13958,9,6220,485,20178,California
Monterey,2021-02-01,1658,28057,1146,14113,512,13944,0,0,1096,14493,561,6781,1096,21274,California
Monterey,2021-02-02,2145,30202,454,14567,1691,15635,0,0,1538,15425,606,7387,1538,22812,California
Monterey,2021-02-03,2326,32528,1045,15612,1281,16916,0,0,1551,16205,771,8158,1551,24363,California
Monterey,2021-02-04,2699,35227,2020,17632,679,17595,0,0,2438,18384,259,8417,2438,26801,California
Monterey,2021-02-05,3637,38864,2818,20450,819,18414,0,0,3206,21164,426,8843,3206,30007,California
Monterey,2021-02-06,1096,39960,379,20829,717,19131,0,0,755,21580,339,9182,755,30762,California
Monterey,2021-02-07,314,40274,270,21099,44,19175,0,0,95,21456,219,9401,95,30857,California
Monterey,2021-02-08,515,40789,289,21388,226,19401,0,0,429,21799,86,9487,429,31286,California
Monterey,2021-02-09,855,41644,672,22060,183,19584,0,0,545,22036,310,9797,547,31833,California
Monterey,2021-02-10,2012,43656,1043,23103,969,20553,0,0,1162,22348,850,10647,1162,32995,California
Monterey,2021-02-11,2490,46146,964,24067,1526,22079,0,0,1538,22938,950,11597,1540,34535,California
Monterey,2021-02-12,2581,48727,426,24493,2155,24234,0,0,1520,23398,1060,12657,1520,36055,California
Monterey,2021-02-13,1068,49795,50,24543,1018,25252,0,0,977,24284,91,12748,977,37032,California
Monterey,2021-02-14,590,50385,73,24616,517,25769,0,0,517,24728,73,12821,517,37549,California
Monterey,2021-02-15,1367,51752,161,24777,1206,26975,0,0,993,25350,372,13193,994,38543,California
Monterey,2021-02-16,1085,52837,243,25020,842,27817,0,0,864,25993,221,13414,864,39407,California
Monterey,2021-02-17,1934,54771,1161,26181,773,28590,0,0,1636,27336,296,13710,1639,41046,California
Monterey,2021-02-18,2222,56993,1175,27356,1047,29637,0,0,907,26940,1305,15015,909,41955,California
Monterey,2021-02-19,2930,59923,1529,28885,1401,31038,0,0,1343,26696,1587,16602,1343,43298,California
Monterey,2021-02-20,1002,60925,603,29488,399,31437,0,0,950,27595,51,16653,950,44248,California
Monterey,2021-02-21,1238,62163,1210,30698,28,31465,0,0,1169,28696,68,16721,1169,45417,California
Monterey,2021-02-22,973,63136,842,31540,131,31596,0,0,641,29006,331,17052,641,46058,California
Monterey,2021-02-23,948,64084,616,32156,332,31928,0,0,299,28658,648,17700,300,46358,California
Monterey,2021-02-24,2455,66539,1311,33467,1144,33072,0,0,1846,29900,605,18305,1847,48205,California
Monterey,2021-02-25,4322,70861,2376,35843,1946,35018,0,0,1432,28450,2883,21188,1433,49638,California
Monterey,2021-02-26,5245,76106,3080,38923,2165,37183,0,0,2623,28456,2618,23806,2624,52262,California
Monterey,2021-02-27,993,77099,181,39104,812,37995,0,0,805,29077,184,23990,805,53067,California
Monterey,2021-02-28,1526,78625,81,39185,1445,39440,0,0,1066,29687,456,24446,1066,54133,California
Monterey,2021-03-01,1274,79899,137,39322,1134,40574,3,3,742,29902,530,24976,745,54878,California
Monterey,2021-03-02,2713,82612,1712,41034,1001,41575,0,3,1869,30931,840,25816,1869,56747,California
Monterey,2021-03-03,3185,85797,1236,42270,1949,43524,0,3,1296,30341,1887,27703,1297,58044,California
Monterey,2021-03-04,4540,90337,1465,43735,3075,46599,0,3,2977,31759,1559,29262,2977,61021,California
Monterey,2021-03-05,3251,93588,1419,45154,1556,48155,276,279,2624,34033,626,29888,2900,63921,California
Monterey,2021-03-06,4991,98579,1065,46219,3624,51779,302,581,4089,37523,899,30787,4389,68310,California
Monterey,2021-03-07,522,99101,108,46327,168,51947,246,827,233,37712,289,31076,478,68788,California
Monterey,2021-03-08,1620,100721,325,46652,938,52885,357,1184,1114,38675,506,31582,1469,70257,California
Monterey,2021-03-09,1896,102617,673,47325,947,53832,276,1460,1410,39874,485,32067,1684,71941,California
Monterey,2021-03-10,2906,105523,869,48194,1553,55385,484,1944,1356,40170,1544,33611,1840,73781,California
Monterey,2021-03-11,4094,109617,1401,49595,2321,57706,372,2316,2334,41123,1753,35364,2706,76487,California
Monterey,2021-03-12,4242,113859,2014,51609,2115,59821,113,2429,2596,42187,1644,37008,2708,79195,California
Monterey,2021-03-13,5110,118969,960,52569,3804,63625,346,2775,3813,45049,1297,38305,4159,83354,California
Monterey,2021-03-14,2148,121117,1326,53895,798,64423,24,2799,579,44094,1558,39863,603,83957,California
Monterey,2021-03-15,3934,125051,1261,55156,2383,66806,290,3089,2251,44955,1679,41542,2540,86497,California
Monterey,2021-03-16,3457,128508,568,55724,2517,69323,372,3461,2059,45988,1397,42939,2430,88927,California
Monterey,2021-03-17,5653,134161,2306,58030,3098,72421,249,3710,4079,48756,1566,44505,4334,93261,California
Monterey,2021-03-18,4328,138489,2151,60181,2010,74431,167,3877,2995,50630,1328,45833,3202,96463,California
Monterey,2021-03-19,5339,143828,2537,62718,2660,77091,142,4019,4076,53590,1258,47091,4218,100681,California
Monterey,2021-03-20,3209,147037,420,63138,2095,79186,694,4713,2131,55343,1072,48163,2825,103506,California
Monterey,2021-03-21,619,147656,199,63337,412,79598,8,4721,554,55840,64,48227,561,104067,California
Monterey,2021-03-22,2440,150096,1426,64763,953,80551,61,4782,2246,57955,191,48418,2306,106373,California
Monterey,2021-03-23,3958,154054,2343,67106,1573,82124,42,4824,2506,59056,1447,49865,2548,108921,California
Monterey,2021-03-24,4946,159000,2070,69176,2567,84691,309,5133,3613,61648,1330,51195,3922,112843,California
Monterey,2021-03-25,5138,164138,1206,70382,3576,88267,356,5489,2586,62047,2544,53739,2943,115786,California
Monterey,2021-03-26,5276,169414,2593,72975,2617,90884,66,5555,2839,62526,2428,56167,2907,118693,California
Monterey,2021-03-27,4700,174114,1410,74385,3034,93918,256,5811,2993,64072,1703,57870,3249,121942,California
Monterey,2021-03-28,1111,175225,337,74722,766,94684,8,5819,631,64235,476,58346,639,122581,California
Monterey,2021-03-29,3162,178387,1402,76124,1746,96430,14,5833,1950,64996,1206,59552,1967,124548,California
Monterey,2021-03-30,4428,182815,2128,78252,2260,98690,40,5873,2745,66114,1672,61224,2790,127338,California
Monterey,2021-03-31,5272,188087,2372,80624,2109,100799,791,6664,3319,68277,1949,63173,4112,131450,California
Monterey,2021-04-01,6018,194105,2069,82693,3547,104346,402,7066,3027,68728,2978,66151,3429,134879,California
Monterey,2021-04-02,4666,198771,2253,84946,2355,106701,58,7124,3296,70717,1367,67518,3356,138235,California
Monterey,2021-04-03,5475,204246,1114,86060,3504,110205,857,7981,1200,68510,4261,71779,2054,140289,California
Monterey,2021-04-04,760,205006,164,86224,583,110788,13,7994,492,68749,268,72047,507,140796,California
Monterey,2021-04-05,4016,209022,2514,88738,1276,112064,226,8220,1542,68048,2469,74516,1768,142564,California
Monterey,2021-04-06,3069,212091,1305,90043,1300,113364,464,8684,1118,67683,1946,76462,1581,144145,California
Monterey,2021-04-07,5448,217539,1401,91444,3548,116912,499,9183,2690,68125,2747,79209,3189,147334,California
Monterey,2021-04-08,6340,223879,3452,94896,2101,119013,787,9970,3165,68908,3169,82378,3952,151286,California
Monterey,2021-04-09,5475,229354,3335,98231,1513,120526,627,10597,2227,68517,3243,85621,2852,154138,California
Monterey,2021-04-10,9653,239007,4928,103159,2609,123135,2116,12713,4934,70855,4711,90332,7049,161187,California
Monterey,2021-04-11,5432,244439,4268,107427,566,123701,598,13311,4391,74808,1035,91367,4988,166175,California
Monterey,2021-04-12,3981,248420,1838,109265,1855,125556,288,13599,888,73021,2963,94330,1176,167351,California
Monterey,2021-04-13,3042,251462,701,109966,2337,127893,4,13603,1432,72868,1589,95919,1436,168787,California
Monterey,2021-04-14,5947,257409,2957,112923,2988,130881,2,13605,1574,70083,4361,100280,1576,170363,California
Monterey,2021-04-15,5082,262491,3399,116322,1683,132564,0,13605,3401,71834,1652,101932,3403,173766,California
Monterey,2021-04-16,2321,264812,1413,117735,895,133459,13,13618,1364,72259,952,102884,1377,175143,California
Napa,2020-12-16,12,12,12,12,0,0,0,0,12,12,0,0,12,12,California
Napa,2020-12-17,44,56,44,56,0,0,0,0,44,56,0,0,44,56,California
Napa,2020-12-18,102,158,102,158,0,0,0,0,102,158,0,0,102,158,California
Napa,2020-12-19,221,379,221,379,0,0,0,0,221,379,0,0,221,379,California
Napa,2020-12-20,189,568,189,568,0,0,0,0,189,568,0,0,189,568,California
Napa,2020-12-21,309,877,309,877,0,0,0,0,310,878,0,0,310,878,California
Napa,2020-12-22,340,1217,331,1208,9,9,0,0,340,1218,0,0,340,1218,California
Napa,2020-12-23,428,1645,319,1527,109,118,0,0,428,1646,0,0,428,1646,California
Napa,2020-12-24,138,1783,77,1604,61,179,0,0,138,1784,0,0,138,1784,California
Napa,2020-12-25,1,1784,1,1605,0,179,0,0,1,1785,0,0,1,1785,California
Napa,2020-12-26,39,1823,11,1616,28,207,0,0,39,1824,0,0,39,1824,California
Napa,2020-12-27,32,1855,16,1632,16,223,0,0,32,1856,0,0,32,1856,California
Napa,2020-12-28,251,2106,185,1817,66,289,0,0,279,2135,0,0,279,2135,California
Napa,2020-12-29,273,2379,214,2031,59,348,0,0,307,2442,0,0,307,2442,California
Napa,2020-12-30,630,3009,486,2517,144,492,0,0,638,3080,0,0,638,3080,California
Napa,2020-12-31,461,3470,373,2890,88,580,0,0,461,3541,0,0,461,3541,California
Napa,2021-01-01,1,3471,1,2891,0,580,0,0,1,3542,0,0,1,3542,California
Napa,2021-01-02,98,3569,93,2984,5,585,0,0,98,3640,0,0,98,3640,California
Napa,2021-01-03,13,3582,11,2995,2,587,0,0,9,3649,0,0,9,3649,California
Napa,2021-01-04,107,3689,64,3059,43,630,0,0,107,3756,0,0,107,3756,California
Napa,2021-01-05,155,3844,85,3144,70,700,0,0,138,3870,24,24,138,3894,California
Napa,2021-01-06,455,4299,114,3258,341,1041,0,0,391,4199,62,86,391,4285,California
Napa,2021-01-07,496,4795,234,3492,262,1303,0,0,396,4496,99,185,396,4681,California
Napa,2021-01-08,441,5236,226,3718,215,1518,0,0,261,4578,179,364,261,4942,California
Napa,2021-01-09,325,5561,300,4018,25,1543,0,0,188,4629,137,501,188,5130,California
Napa,2021-01-10,184,5745,101,4119,83,1626,0,0,109,4663,75,576,109,5239,California
Napa,2021-01-11,880,6625,424,4543,456,2082,0,0,508,4799,373,949,509,5748,California
Napa,2021-01-12,1310,7935,370,4913,940,3022,0,0,995,5479,315,1264,995,6743,California
Napa,2021-01-13,1310,9245,264,5177,1046,4068,0,0,1148,6467,161,1425,1149,7892,California
Napa,2021-01-14,1050,10295,172,5349,878,4946,0,0,933,7285,115,1540,933,8825,California
Napa,2021-01-15,1451,11746,383,5732,1068,6014,0,0,1303,8433,156,1696,1304,10129,California
Napa,2021-01-16,355,12101,133,5865,222,6236,0,0,337,8752,18,1714,337,10466,California
Napa,2021-01-17,340,12441,175,6040,165,6401,0,0,330,9072,10,1724,330,10796,California
Napa,2021-01-18,1082,13523,197,6237,885,7286,0,0,991,9972,91,1815,991,11787,California
Napa,2021-01-19,1009,14532,406,6643,603,7889,0,0,766,10496,242,2057,766,12553,California
Napa,2021-01-20,825,15357,185,6828,640,8529,0,0,643,10959,180,2237,643,13196,California
Napa,2021-01-21,1332,16689,373,7201,959,9488,0,0,1077,11783,254,2491,1078,14274,California
Napa,2021-01-22,1539,18228,411,7612,1128,10616,0,0,1212,12670,326,2817,1213,15487,California
Napa,2021-01-23,398,18626,318,7930,80,10696,0,0,336,12944,62,2879,336,15823,California
Napa,2021-01-24,266,18892,189,8119,77,10773,0,0,208,13094,58,2937,208,16031,California
Napa,2021-01-25,1522,20414,231,8350,1291,12064,0,0,1432,14436,90,3027,1432,17463,California
Napa,2021-01-26,877,21291,282,8632,595,12659,0,0,783,15126,94,3121,784,18247,California
Napa,2021-01-27,625,21916,220,8852,405,13064,0,0,469,15440,156,3277,470,18717,California
Napa,2021-01-28,390,22306,178,9030,212,13276,0,0,198,15448,190,3467,198,18915,California
Napa,2021-01-29,253,22559,65,9095,188,13464,0,0,158,15511,95,3562,158,19073,California
Napa,2021-01-30,804,23363,695,9790,109,13573,0,0,640,15987,164,3726,640,19713,California
Napa,2021-01-31,655,24018,625,10415,30,13603,0,0,629,16590,26,3752,629,20342,California
Napa,2021-02-01,314,24332,110,10525,204,13807,0,0,161,16598,153,3905,161,20503,California
Napa,2021-02-02,589,24921,280,10805,309,14116,0,0,288,16587,299,4204,288,20791,California
Napa,2021-02-03,733,25654,309,11114,424,14540,0,0,424,16702,309,4513,424,21215,California
Napa,2021-02-04,788,26442,374,11488,414,14954,0,0,440,16796,346,4859,440,21655,California
Napa,2021-02-05,705,27147,314,11802,391,15345,0,0,338,16767,367,5226,338,21993,California
Napa,2021-02-06,433,27580,145,11947,288,15633,0,0,329,16992,104,5330,329,22322,California
Napa,2021-02-07,174,27754,161,12108,13,15646,0,0,71,16960,103,5433,71,22393,California
Napa,2021-02-08,833,28587,191,12299,642,16288,0,0,271,16672,559,5992,271,22664,California
Napa,2021-02-09,1072,29659,441,12740,631,16919,0,0,433,16466,639,6631,433,23097,California
Napa,2021-02-10,1715,31374,190,12930,1525,18444,0,0,447,15649,1265,7896,448,23545,California
Napa,2021-02-11,1495,32869,194,13124,1301,19745,0,0,410,14987,1073,8969,411,23956,California
Napa,2021-02-12,2154,35023,836,13960,1318,21063,0,0,720,14276,1431,10400,720,24676,California
Napa,2021-02-13,494,35517,52,14012,442,21505,0,0,312,14406,182,10582,312,24988,California
Napa,2021-02-14,356,35873,90,14102,266,21771,0,0,195,14440,161,10743,195,25183,California
Napa,2021-02-15,873,36746,183,14285,690,22461,0,0,221,14011,650,11393,221,25404,California
Napa,2021-02-16,1284,38030,597,14882,687,23148,0,0,611,13950,672,12065,611,26015,California
Napa,2021-02-17,1045,39075,529,15411,516,23664,0,0,479,13865,564,12629,479,26494,California
Napa,2021-02-18,1894,40969,484,15895,1410,25074,0,0,659,13292,1232,13861,659,27153,California
Napa,2021-02-19,1478,42447,585,16480,893,25967,0,0,676,13167,801,14662,676,27829,California
Napa,2021-02-20,819,43266,595,17075,224,26191,0,0,271,12890,548,15210,271,28100,California
Napa,2021-02-21,797,44063,735,17810,62,26253,0,0,195,12483,602,15812,195,28295,California
Napa,2021-02-22,440,44503,185,17995,255,26508,0,0,136,12315,304,16116,136,28431,California
Napa,2021-02-23,1126,45629,301,18296,825,27333,0,0,308,11805,818,16934,308,28739,California
Napa,2021-02-24,1157,46786,638,18934,519,27852,0,0,569,11789,586,17520,570,29309,California
Napa,2021-02-25,2534,49320,1210,20144,1324,29176,0,0,1822,12900,711,18231,1822,31131,California
Napa,2021-02-26,1496,50816,520,20664,976,30152,0,0,582,12570,912,19143,582,31713,California
Napa,2021-02-27,1096,51912,358,21022,738,30890,0,0,843,13162,251,19394,843,32556,California
Napa,2021-02-28,561,52473,460,21482,101,30991,0,0,461,13525,98,19492,461,33017,California
Napa,2021-03-01,1096,53569,814,22296,282,31273,0,0,829,14088,266,19758,829,33846,California
Napa,2021-03-02,1478,55047,1022,23318,456,31729,0,0,1145,14901,332,20090,1145,34991,California
Napa,2021-03-03,1537,56584,682,24000,855,32584,0,0,1360,16085,176,20266,1360,36351,California
Napa,2021-03-04,1700,58284,777,24777,923,33507,0,0,1462,17312,235,20501,1462,37813,California
Napa,2021-03-05,1887,60171,783,25560,1100,34607,4,4,1472,18375,413,20914,1476,39289,California
Napa,2021-03-06,633,60804,281,25841,321,34928,31,35,523,18821,108,21022,554,39843,California
Napa,2021-03-07,520,61324,319,26160,186,35114,15,50,369,19054,151,21173,384,40227,California
Napa,2021-03-08,693,62017,319,26479,321,35435,53,103,517,19450,174,21347,570,40797,California
Napa,2021-03-09,1627,63644,568,27047,1013,36448,46,149,1197,20266,427,21774,1243,42040,California
Napa,2021-03-10,1471,65115,914,27961,465,36913,92,241,772,20434,696,22470,864,42904,California
Napa,2021-03-11,1830,66945,1035,28996,667,37580,128,369,936,20606,892,23362,1064,43968,California
Napa,2021-03-12,1493,68438,907,29903,490,38070,96,465,793,20796,698,24060,888,44856,California
Napa,2021-03-13,1163,69601,300,30203,839,38909,24,489,827,21313,334,24394,851,45707,California
Napa,2021-03-14,612,70213,328,30531,136,39045,148,637,227,21304,384,24778,375,46082,California
Napa,2021-03-15,941,71154,402,30933,471,39516,68,705,476,21385,463,25241,544,46626,California
Napa,2021-03-16,1830,72984,386,31319,1318,40834,126,831,1371,22428,455,25696,1498,48124,California
Napa,2021-03-17,2468,75452,1841,33160,448,41282,179,1010,1569,23277,899,26595,1748,49872,California
Napa,2021-03-18,2101,77553,914,34074,1177,42459,10,1020,1291,23770,808,27403,1301,51173,California
Napa,2021-03-19,1426,78979,855,34929,544,43003,27,1047,709,23792,714,28117,736,51909,California
Napa,2021-03-20,990,79969,526,35455,311,43314,153,1200,418,23792,571,28688,571,52480,California
Napa,2021-03-21,703,80672,681,36136,20,43334,2,1202,353,23798,349,29037,355,52835,California
Napa,2021-03-22,1079,81751,901,37037,167,43501,11,1213,476,23686,599,29636,487,53322,California
Napa,2021-03-23,1501,83252,811,37848,673,44174,17,1230,997,24198,502,30138,1014,54336,California
Napa,2021-03-24,1692,84944,936,38784,748,44922,8,1238,815,24145,876,31014,823,55159,California
Napa,2021-03-25,1600,86544,1040,39824,506,45428,54,1292,744,24088,855,31869,798,55957,California
Napa,2021-03-26,1250,87794,810,40634,434,45862,6,1298,557,23961,690,32559,563,56520,California
Napa,2021-03-27,944,88738,433,41067,484,46346,27,1325,313,23670,631,33190,340,56860,California
Napa,2021-03-28,482,89220,372,41439,103,46449,7,1332,182,23560,299,33489,189,57049,California
Napa,2021-03-29,1173,90393,855,42294,313,46762,5,1337,724,23841,448,33937,729,57778,California
Napa,2021-03-30,2373,92766,929,43223,1440,48202,4,1341,1593,24658,780,34717,1597,59375,California
Napa,2021-03-31,1957,94723,955,44178,933,49135,69,1410,814,24398,1141,35858,881,60256,California
Napa,2021-04-01,1705,96428,812,44990,778,49913,115,1525,472,23758,1228,37086,588,60844,California
Napa,2021-04-02,1806,98234,812,45802,852,50765,142,1667,451,23000,1351,38437,593,61437,California
Napa,2021-04-03,624,98858,362,46164,203,50968,59,1726,211,22857,413,38850,270,61707,California
Napa,2021-04-04,347,99205,138,46302,151,51119,58,1784,118,22805,228,39078,176,61883,California
Napa,2021-04-05,1263,100468,753,47055,291,51410,219,2003,573,22908,689,39767,792,62675,California
Napa,2021-04-06,1606,102074,558,47613,793,52203,255,2258,520,22600,1083,40850,775,63450,California
Napa,2021-04-07,1703,103777,683,48296,799,53002,221,2479,519,22159,1181,42031,740,64190,California
Napa,2021-04-08,1762,105539,1051,49347,341,53343,370,2849,940,22648,820,42851,1309,65499,California
Napa,2021-04-09,1423,106962,884,50231,263,53606,276,3125,643,22788,778,43629,918,66417,California
Napa,2021-04-10,1028,107990,345,50576,583,54189,100,3225,237,22335,790,44419,337,66754,California
Napa,2021-04-11,384,108374,301,50877,62,54251,21,3246,158,22288,226,44645,179,66933,California
Napa,2021-04-12,764,109138,292,51169,352,54603,120,3366,289,22221,474,45119,407,67340,California
Napa,2021-04-13,1302,110440,810,51979,492,55095,0,3366,435,21792,864,45983,435,67775,California
Napa,2021-04-14,1441,111881,475,52454,966,56061,0,3366,866,22089,569,46552,866,68641,California
Napa,2021-04-15,1286,113167,499,52953,787,56848,0,3366,734,22274,549,47101,734,69375,California
Napa,2021-04-16,763,113930,247,53200,516,57364,0,3366,490,22492,272,47373,490,69865,California
Nevada,2020-12-16,3,3,3,3,0,0,0,0,3,3,0,0,3,3,California
Nevada,2020-12-17,6,9,6,9,0,0,0,0,6,9,0,0,6,9,California
Nevada,2020-12-18,51,60,51,60,0,0,0,0,51,60,0,0,51,60,California
Nevada,2020-12-19,55,115,55,115,0,0,0,0,55,115,0,0,55,115,California
Nevada,2020-12-20,12,127,12,127,0,0,0,0,12,127,0,0,12,127,California
Nevada,2020-12-21,69,196,69,196,0,0,0,0,69,196,0,0,69,196,California
Nevada,2020-12-22,91,287,89,285,2,2,0,0,91,287,0,0,91,287,California
Nevada,2020-12-23,234,521,202,487,32,34,0,0,234,521,0,0,234,521,California
Nevada,2020-12-24,13,534,11,498,2,36,0,0,13,534,0,0,13,534,California
Nevada,2020-12-25,2,536,2,500,0,36,0,0,2,536,0,0,2,536,California
Nevada,2020-12-26,6,542,4,504,2,38,0,0,6,542,0,0,6,542,California
Nevada,2020-12-27,88,630,88,592,0,38,0,0,88,630,0,0,88,630,California
Nevada,2020-12-28,170,800,93,685,77,115,0,0,170,800,0,0,170,800,California
Nevada,2020-12-29,100,900,74,759,26,141,0,0,100,900,0,0,100,900,California
Nevada,2020-12-30,86,986,66,825,20,161,0,0,86,986,0,0,86,986,California
Nevada,2020-12-31,39,1025,9,834,30,191,0,0,39,1025,0,0,39,1025,California
Nevada,2021-01-01,1,1026,0,834,1,192,0,0,1,1026,0,0,1,1026,California
Nevada,2021-01-02,1,1027,1,835,0,192,0,0,1,1027,0,0,1,1027,California
Nevada,2021-01-03,129,1156,126,961,3,195,0,0,129,1156,0,0,129,1156,California
Nevada,2021-01-04,71,1227,47,1008,24,219,0,0,71,1227,0,0,71,1227,California
Nevada,2021-01-05,271,1498,130,1138,141,360,0,0,270,1496,1,1,270,1497,California
Nevada,2021-01-06,91,1589,43,1181,48,408,0,0,83,1571,8,9,83,1580,California
Nevada,2021-01-07,215,1804,43,1224,172,580,0,0,208,1774,6,15,209,1789,California
Nevada,2021-01-08,220,2024,126,1350,94,674,0,0,169,1892,51,66,169,1958,California
Nevada,2021-01-09,63,2087,56,1406,7,681,0,0,15,1859,48,114,15,1973,California
Nevada,2021-01-10,17,2104,9,1415,8,689,0,0,9,1860,8,122,9,1982,California
Nevada,2021-01-11,185,2289,131,1546,54,743,0,0,57,1789,128,250,57,2039,California
Nevada,2021-01-12,597,2886,451,1997,146,889,0,0,531,2254,66,316,531,2570,California
Nevada,2021-01-13,259,3145,146,2143,113,1002,0,0,124,2243,135,451,124,2694,California
Nevada,2021-01-14,232,3377,124,2267,108,1110,0,0,214,2440,17,468,214,2908,California
Nevada,2021-01-15,392,3769,168,2435,224,1334,0,0,294,2636,98,566,294,3202,California
Nevada,2021-01-16,296,4065,15,2450,281,1615,0,0,292,2924,4,570,292,3494,California
Nevada,2021-01-17,35,4100,31,2481,4,1619,0,0,33,2955,2,572,33,3527,California
Nevada,2021-01-18,148,4248,40,2521,108,1727,0,0,139,3085,9,581,139,3666,California
Nevada,2021-01-19,234,4482,85,2606,149,1876,0,0,215,3281,19,600,215,3881,California
Nevada,2021-01-20,257,4739,153,2759,104,1980,0,0,244,3512,13,613,244,4125,California
Nevada,2021-01-21,336,5075,207,2966,129,2109,0,0,323,3822,13,626,323,4448,California
Nevada,2021-01-22,343,5418,209,3175,134,2243,0,0,312,4103,31,657,312,4760,California
Nevada,2021-01-23,176,5594,104,3279,72,2315,0,0,176,4279,0,657,176,4936,California
Nevada,2021-01-24,105,5699,98,3377,7,2322,0,0,66,4306,39,696,66,5002,California
Nevada,2021-01-25,265,5964,137,3514,128,2450,0,0,204,4449,61,757,204,5206,California
Nevada,2021-01-26,399,6363,141,3655,258,2708,0,0,297,4644,102,859,297,5503,California
Nevada,2021-01-27,411,6774,244,3899,167,2875,0,0,387,5007,24,883,387,5890,California
Nevada,2021-01-28,460,7234,315,4214,145,3020,0,0,417,5382,42,925,417,6307,California
Nevada,2021-01-29,596,7830,391,4605,205,3225,0,0,573,5933,23,948,574,6881,California
Nevada,2021-01-30,230,8060,103,4708,127,3352,0,0,227,6157,3,951,227,7108,California
Nevada,2021-01-31,103,8163,87,4795,16,3368,0,0,103,6260,0,951,103,7211,California
Nevada,2021-02-01,290,8453,71,4866,219,3587,0,0,276,6522,14,965,276,7487,California
Nevada,2021-02-02,510,8963,172,5038,338,3925,0,0,322,6656,188,1153,322,7809,California
Nevada,2021-02-03,809,9772,569,5607,240,4165,0,0,757,7362,51,1204,757,8566,California
Nevada,2021-02-04,737,10509,391,5998,346,4511,0,0,489,7604,247,1451,489,9055,California
Nevada,2021-02-05,641,11150,363,6361,278,4789,0,0,453,7871,186,1637,453,9508,California
Nevada,2021-02-06,268,11418,82,6443,186,4975,0,0,241,8085,27,1664,241,9749,California
Nevada,2021-02-07,244,11662,191,6634,53,5028,0,0,190,8221,54,1718,190,9939,California
Nevada,2021-02-08,651,12313,408,7042,243,5271,0,0,552,8674,99,1817,552,10491,California
Nevada,2021-02-09,600,12913,336,7378,264,5535,0,0,462,8998,138,1955,462,10953,California
Nevada,2021-02-10,646,13559,322,7700,324,5859,0,0,417,9187,229,2184,418,11371,California
Nevada,2021-02-11,868,14427,502,8202,366,6225,0,0,540,9400,327,2511,540,11911,California
Nevada,2021-02-12,926,15353,434,8636,492,6717,0,0,612,9699,313,2824,612,12523,California
Nevada,2021-02-13,593,15946,233,8869,360,7077,0,0,386,9883,203,3027,387,12910,California
Nevada,2021-02-14,228,16174,119,8988,109,7186,0,0,200,10055,28,3055,200,13110,California
Nevada,2021-02-15,703,16877,438,9426,265,7451,0,0,534,10420,169,3224,534,13644,California
Nevada,2021-02-16,611,17488,197,9623,414,7865,0,0,451,10712,159,3383,451,14095,California
Nevada,2021-02-17,1177,18665,762,10385,415,8280,0,0,859,11253,318,3701,859,14954,California
Nevada,2021-02-18,996,19661,545,10930,451,8731,0,0,597,11452,398,4099,597,15551,California
Nevada,2021-02-19,1004,20665,629,11559,375,9106,0,0,650,11749,354,4453,651,16202,California
Nevada,2021-02-20,295,20960,103,11662,192,9298,0,0,173,11801,121,4574,173,16375,California
Nevada,2021-02-21,88,21048,83,11745,5,9303,0,0,8,11729,80,4654,8,16383,California
Nevada,2021-02-22,491,21539,327,12072,164,9467,0,0,346,11931,144,4798,346,16729,California
Nevada,2021-02-23,463,22002,216,12288,247,9714,0,0,206,11883,254,5052,206,16935,California
Nevada,2021-02-24,470,22472,233,12521,237,9951,0,0,248,11911,222,5274,250,17185,California
Nevada,2021-02-25,857,23329,464,12985,393,10344,0,0,432,11920,423,5697,432,17617,California
Nevada,2021-02-26,1232,24561,880,13865,352,10696,0,0,410,11511,819,6516,410,18027,California
Nevada,2021-02-27,350,24911,109,13974,241,10937,0,0,180,11521,170,6686,180,18207,California
Nevada,2021-02-28,265,25176,153,14127,112,11049,0,0,124,11505,140,6826,124,18331,California
Nevada,2021-03-01,812,25988,420,14547,392,11441,0,0,349,11392,462,7288,349,18680,California
Nevada,2021-03-02,699,26687,258,14805,441,11882,0,0,477,11651,218,7506,477,19157,California
Nevada,2021-03-03,956,27643,486,15291,470,12352,0,0,488,11672,467,7973,488,19645,California
Nevada,2021-03-04,1092,28735,609,15900,483,12835,0,0,462,11507,627,8600,462,20107,California
Nevada,2021-03-05,810,29545,455,16355,345,13180,10,10,356,11421,452,9052,366,20473,California
Nevada,2021-03-06,354,29899,118,16473,209,13389,27,37,142,11378,212,9264,169,20642,California
Nevada,2021-03-07,209,30108,110,16583,80,13469,19,56,68,11324,141,9405,87,20729,California
Nevada,2021-03-08,802,30910,538,17121,219,13688,45,101,356,11281,445,9850,402,21131,California
Nevada,2021-03-09,657,31567,314,17435,293,13981,50,151,358,11391,297,10147,407,21538,California
Nevada,2021-03-10,950,32517,601,18036,292,14273,57,208,316,11133,631,10778,373,21911,California
Nevada,2021-03-11,1090,33607,718,18754,347,14620,25,233,538,11151,545,11323,563,22474,California
Nevada,2021-03-12,1185,34792,722,19476,433,15053,30,263,503,11003,680,12003,532,23006,California
Nevada,2021-03-13,262,35054,51,19527,206,15259,5,268,93,10932,168,12171,97,23103,California
Nevada,2021-03-14,153,35207,21,19548,127,15386,5,273,33,10850,120,12291,38,23141,California
Nevada,2021-03-15,834,36041,452,20000,370,15756,12,285,354,10738,478,12769,366,23507,California
Nevada,2021-03-16,990,37031,462,20462,467,16223,61,346,643,11096,346,13115,704,24211,California
Nevada,2021-03-17,1012,38043,450,20912,552,16775,10,356,584,11265,425,13540,594,24805,California
Nevada,2021-03-18,961,39004,525,21437,413,17188,23,379,473,11277,484,14024,496,25301,California
Nevada,2021-03-19,744,39748,435,21872,277,17465,32,411,348,11263,394,14418,380,25681,California
Nevada,2021-03-20,818,40566,92,21964,303,17768,423,834,232,11335,580,14998,652,26333,California
Nevada,2021-03-21,57,40623,30,21994,26,17794,1,835,40,11359,17,15015,41,26374,California
Nevada,2021-03-22,798,41421,514,22508,279,18073,5,840,541,11650,255,15270,546,26920,California
Nevada,2021-03-23,848,42269,382,22890,440,18513,26,866,640,12111,205,15475,666,27586,California
Nevada,2021-03-24,1015,43284,539,23429,469,18982,7,873,648,12403,363,15838,655,28241,California
Nevada,2021-03-25,890,44174,448,23877,416,19398,26,899,489,12516,400,16238,513,28754,California
Nevada,2021-03-26,1137,45311,431,24308,669,20067,37,936,825,13069,309,16547,862,29616,California
Nevada,2021-03-27,558,45869,69,24377,473,20540,16,952,380,13287,178,16725,396,30012,California
Nevada,2021-03-28,173,46042,49,24426,111,20651,13,965,38,13205,133,16858,51,30063,California
Nevada,2021-03-29,821,46863,503,24929,296,20947,22,987,394,13196,424,17282,415,30478,California
Nevada,2021-03-30,1038,47901,471,25400,533,21480,34,1021,540,13279,491,17773,574,31052,California
Nevada,2021-03-31,1172,49073,665,26065,490,21970,17,1038,705,13542,459,18232,722,31774,California
Nevada,2021-04-01,1228,50301,720,26785,455,22425,53,1091,550,13471,674,18906,603,32377,California
Nevada,2021-04-02,1280,51581,656,27441,588,23013,36,1127,764,13758,513,19419,800,33177,California
Nevada,2021-04-03,284,51865,86,27527,160,23173,38,1165,79,13671,204,19623,117,33294,California
Nevada,2021-04-04,128,51993,42,27569,79,23252,7,1172,78,13706,50,19673,85,33379,California
Nevada,2021-04-05,934,52927,614,28183,302,23554,18,1190,627,14047,304,19977,645,34024,California
Nevada,2021-04-06,1066,53993,661,28844,262,23816,143,1333,472,14074,588,20565,615,34639,California
Nevada,2021-04-07,1133,55126,809,29653,242,24058,82,1415,602,14232,525,21090,683,35322,California
Nevada,2021-04-08,1271,56397,893,30546,296,24354,82,1497,709,14464,559,21649,791,36113,California
Nevada,2021-04-09,1153,57550,780,31326,307,24661,66,1563,799,14975,354,22003,865,36978,California
Nevada,2021-04-10,257,57807,80,31406,101,24762,76,1639,114,15023,142,22145,190,37168,California
Nevada,2021-04-11,94,57901,31,31437,59,24821,4,1643,35,15003,59,22204,39,37207,California
Nevada,2021-04-12,664,58565,476,31913,179,25000,9,1652,283,14917,378,22582,292,37499,California
Nevada,2021-04-13,839,59404,330,32243,509,25509,0,1652,444,14968,393,22975,444,37943,California
Nevada,2021-04-14,952,60356,491,32734,461,25970,0,1652,488,15000,456,23431,488,38431,California
Nevada,2021-04-15,885,61241,604,33338,281,26251,0,1652,494,15110,384,23815,494,38925,California
Nevada,2021-04-16,497,61738,387,33725,110,26361,0,1652,336,15286,160,23975,336,39261,California
Orange,2020-12-15,16,16,16,16,0,0,0,0,16,16,0,0,16,16,California
Orange,2020-12-16,367,383,367,383,0,0,0,0,367,383,0,0,367,383,California
Orange,2020-12-17,3716,4099,3716,4099,0,0,0,0,3715,4098,0,0,3715,4098,California
Orange,2020-12-18,5037,9136,5030,9129,7,7,0,0,5036,9134,0,0,5036,9134,California
Orange,2020-12-19,2224,11360,2217,11346,7,14,0,0,2223,11357,0,0,2223,11357,California
Orange,2020-12-20,1973,13333,1971,13317,2,16,0,0,1974,13331,0,0,1974,13331,California
Orange,2020-12-21,4240,17573,4234,17551,6,22,0,0,4240,17571,0,0,4240,17571,California
Orange,2020-12-22,3975,21548,3942,21493,33,55,0,0,3975,21546,0,0,3975,21546,California
Orange,2020-12-23,3551,25099,3198,24691,353,408,0,0,3553,25099,0,0,3553,25099,California
Orange,2020-12-24,1374,26473,1078,25769,296,704,0,0,1374,26473,0,0,1374,26473,California
Orange,2020-12-25,17,26490,12,25781,5,709,0,0,17,26490,0,0,17,26490,California
Orange,2020-12-26,1020,27510,422,26203,598,1307,0,0,1020,27510,0,0,1020,27510,California
Orange,2020-12-27,580,28090,275,26478,305,1612,0,0,580,28090,0,0,580,28090,California
Orange,2020-12-28,3534,31624,2564,29042,970,2582,0,0,3534,31624,0,0,3534,31624,California
Orange,2020-12-29,3559,35183,2561,31603,998,3580,0,0,3558,35181,1,1,3558,35182,California
Orange,2020-12-30,5121,40304,3555,35158,1566,5146,0,0,5121,40302,0,1,5121,40303,California
Orange,2020-12-31,1453,41757,757,35915,696,5842,0,0,1453,41755,0,1,1453,41756,California
Orange,2021-01-01,457,42214,252,36167,205,6047,0,0,456,42210,1,2,456,42212,California
Orange,2021-01-02,1398,43612,893,37060,505,6552,0,0,1398,43608,0,2,1398,43610,California
Orange,2021-01-03,568,44180,315,37375,253,6805,0,0,568,44176,0,2,568,44178,California
Orange,2021-01-04,2711,46891,1555,38930,1156,7961,0,0,2712,46887,1,3,2712,46890,California
Orange,2021-01-05,3501,50392,2283,41213,1218,9179,0,0,3094,49581,403,406,3097,49987,California
Orange,2021-01-06,4980,55372,3461,44674,1519,10698,0,0,3608,51830,1359,1765,3608,53595,California
Orange,2021-01-07,9236,64608,5149,49823,4087,14785,0,0,5674,53958,3549,5314,5677,59272,California
Orange,2021-01-08,9372,73980,5235,55058,4137,18922,0,0,5632,55862,3730,9044,5634,64906,California
Orange,2021-01-09,4984,78964,1733,56791,3251,22173,0,0,3706,58290,1278,10322,3706,68612,California
Orange,2021-01-10,4228,83192,1040,57831,3188,25361,0,0,3349,60765,878,11200,3353,71965,California
Orange,2021-01-11,9421,92613,4886,62717,4535,29896,0,0,5811,62964,3613,14813,5812,77777,California
Orange,2021-01-12,8786,101399,4707,67424,4079,33975,0,0,5329,64839,3455,18268,5330,83107,California
Orange,2021-01-13,10206,111605,4885,72309,5321,39296,0,0,7016,68676,3186,21454,7023,90130,California
Orange,2021-01-14,9942,121547,3764,76073,6178,45474,0,0,8356,75453,1584,23038,8361,98491,California
Orange,2021-01-15,10139,131686,2613,78686,7526,53000,0,0,9267,83846,879,23917,9272,107763,California
Orange,2021-01-16,8698,140384,2090,80776,6608,59608,0,0,8313,91778,385,24302,8317,116080,California
Orange,2021-01-17,8147,148531,1485,82261,6662,66270,0,0,8002,99644,145,24447,8011,124091,California
Orange,2021-01-18,9736,158267,4451,86712,5285,71555,0,0,7496,104899,2243,26690,7498,131589,California
Orange,2021-01-19,7463,165730,5405,92117,2058,73613,0,0,4838,107113,2625,29315,4839,136428,California
Orange,2021-01-20,8253,173983,5804,97921,2449,76062,0,0,5205,109275,3049,32364,5211,141639,California
Orange,2021-01-21,10830,184813,4807,102728,6023,82085,0,0,10043,118540,786,33150,10051,151690,California
Orange,2021-01-22,13557,198370,5073,107801,8484,90569,0,0,12731,130461,818,33968,12739,164429,California
Orange,2021-01-23,13104,211474,6166,113967,6938,97507,0,0,12136,141639,966,34934,12144,176573,California
Orange,2021-01-24,9802,221276,4285,118252,5517,103024,0,0,9486,150814,314,35248,9489,186062,California
Orange,2021-01-25,10412,231688,5844,124096,4568,107592,0,0,7706,155824,2701,37949,7711,193773,California
Orange,2021-01-26,11849,243537,7692,131788,4157,111749,0,0,9710,163401,2135,40084,9712,203485,California
Orange,2021-01-27,13369,256906,7984,139772,5385,117134,0,0,10697,171441,2661,42745,10701,214186,California
Orange,2021-01-28,12981,269887,7175,146947,5806,122940,0,0,11136,180752,1832,44577,11143,225329,California
Orange,2021-01-29,13539,283426,8387,155334,5152,128092,0,0,10692,188615,2834,47411,10697,236026,California
Orange,2021-01-30,12917,296343,4444,159778,8473,136565,0,0,12191,200097,712,48123,12194,248220,California
Orange,2021-01-31,13708,310051,4940,164718,8768,145333,0,0,13276,212951,427,48550,13281,261501,California
Orange,2021-02-01,13982,324033,5754,170472,8228,153561,0,0,12004,222999,1960,50510,12008,273509,California
Orange,2021-02-02,15361,339394,8349,178821,7012,160573,0,0,12627,233004,2625,53135,12630,286139,California
Orange,2021-02-03,16692,356086,12549,191370,4143,164716,0,0,13696,243785,2919,56054,13700,299839,California
Orange,2021-02-04,19782,375868,12935,204305,6847,171563,0,0,14711,253464,5039,61093,14718,314557,California
Orange,2021-02-05,20706,396574,11988,216293,8718,180281,0,0,14453,261704,6215,67308,14455,329012,California
Orange,2021-02-06,16310,412884,10778,227071,5532,185813,0,0,11061,267750,5233,72541,11279,340291,California
Orange,2021-02-07,11514,424398,8099,235170,3415,189228,0,0,7544,271509,3955,76496,7714,348005,California
Orange,2021-02-08,14787,439185,8452,243622,6335,195563,0,0,8809,274373,5951,82447,8815,356820,California
Orange,2021-02-09,17615,456800,11996,255618,5619,201182,0,0,10725,278284,6818,89265,10729,367549,California
Orange,2021-02-10,20862,477662,11161,266779,9701,210883,0,0,12658,282839,8110,97375,12665,380214,California
Orange,2021-02-11,21943,499605,11363,278142,10580,221463,0,0,12346,285731,9472,106847,12364,392578,California
Orange,2021-02-12,24707,524312,11876,290018,12831,234294,0,0,14614,290310,10039,116886,14618,407196,California
Orange,2021-02-13,21978,546290,11888,301906,10090,244384,0,0,11126,291426,10652,127538,11768,418964,California
Orange,2021-02-14,16164,562454,6561,308467,9603,253987,0,0,9543,294373,6597,134135,9544,428508,California
Orange,2021-02-15,17197,579651,7384,315851,9813,263800,0,0,8872,294971,8283,142418,8881,437389,California
Orange,2021-02-16,19878,599529,8964,324815,10914,274714,0,0,10697,296548,9143,151561,10720,448109,California
Orange,2021-02-17,17770,617299,9313,334128,8457,283171,0,0,9161,297169,8570,160131,9191,457300,California
Orange,2021-02-18,14849,632148,9820,343948,5029,288200,0,0,6782,295935,8024,168155,6790,464090,California
Orange,2021-02-19,17810,649958,10719,354667,7091,295291,0,0,6877,291934,10889,179044,6888,470978,California
Orange,2021-02-20,7383,657341,5566,360233,1817,297108,0,0,3741,292062,3622,182666,3750,474728,California
Orange,2021-02-21,4304,661645,3629,363862,675,297783,0,0,769,289329,3503,186169,770,475498,California
Orange,2021-02-22,9582,671227,7830,371692,1752,299535,0,0,3880,287544,5679,191848,3894,479392,California
Orange,2021-02-23,13197,684424,7207,378899,5990,305525,0,0,3482,281374,9662,201510,3492,482884,California
Orange,2021-02-24,21035,705459,12743,391642,8292,313817,0,0,5357,271130,15620,217130,5376,488260,California
Orange,2021-02-25,22523,727982,12202,403844,10321,324138,0,0,7953,264590,14509,231639,7969,496229,California
Orange,2021-02-26,27564,755546,13967,417811,13597,337735,0,0,11088,259328,16374,248013,11112,507341,California
Orange,2021-02-27,24902,780448,10042,427853,14858,352593,2,2,7231,248997,17578,265591,7247,514588,California
Orange,2021-02-28,18971,799419,7338,435191,11633,364226,0,2,4783,239699,14098,279689,4800,519388,California
Orange,2021-03-01,18232,817651,8303,443494,9927,374153,2,4,7025,235593,11145,290834,7039,526427,California
Orange,2021-03-02,14797,832448,7177,450671,7619,381772,1,5,8655,238165,6109,296943,8681,535108,California
Orange,2021-03-03,19969,852417,9241,459912,10725,392497,3,8,10689,239663,9214,306157,10712,545820,California
Orange,2021-03-04,20968,873385,12121,472033,8834,401331,13,21,11062,240889,9874,316031,11100,556920,California
Orange,2021-03-05,19366,892751,9994,482027,9329,410660,43,64,12005,245665,7327,323358,12103,569023,California
Orange,2021-03-06,20155,912906,11299,493326,7995,418655,861,925,10235,246885,9898,333256,11118,580141,California
Orange,2021-03-07,14747,927653,8275,501601,6094,424749,378,1303,8611,249786,6106,339362,9007,589148,California
Orange,2021-03-08,16043,943696,7348,508949,7438,432187,1257,2560,10331,255724,5675,345037,11613,600761,California
Orange,2021-03-09,19542,963238,8485,517434,8632,440819,2425,4985,11234,261112,8275,353312,13663,614424,California
Orange,2021-03-10,23802,987040,11653,529087,9009,449828,3140,8125,12052,264604,11699,365011,15191,629615,California
Orange,2021-03-11,28693,1015733,15629,544716,8987,458815,4077,12202,13365,266795,15249,380260,17440,647055,California
Orange,2021-03-12,29064,1044797,14174,558890,11082,469897,3808,16010,14619,270871,14376,394636,18452,665507,California
Orange,2021-03-13,27577,1072374,10105,568995,13563,483460,3909,19919,13962,275174,13571,408207,17874,683381,California
Orange,2021-03-14,18724,1091098,8117,577112,8093,491553,2514,22433,11825,282641,6872,415079,14339,697720,California
Orange,2021-03-15,22880,1113978,10066,587178,12065,503618,749,23182,14297,289158,8525,423604,15042,712762,California
Orange,2021-03-16,26197,1140175,11065,598243,14913,518531,219,23401,17052,297361,9076,432680,17279,730041,California
Orange,2021-03-17,27054,1167229,13492,611735,13092,531623,470,23871,19347,309528,7651,440331,19818,749859,California
Orange,2021-03-18,27476,1194705,13831,625566,13375,544998,270,24141,21437,325251,5986,446317,21709,771568,California
Orange,2021-03-19,33079,1227784,18174,643740,14481,559479,424,24565,24689,342080,8294,454611,25123,796691,California
Orange,2021-03-20,25522,1253306,13454,657194,11864,571343,204,24769,21858,360534,3607,458218,22061,818752,California
Orange,2021-03-21,18284,1271590,10635,667829,6921,578264,728,25497,15556,374112,2705,460923,16283,835035,California
Orange,2021-03-22,22516,1294106,11642,679471,10554,588818,320,25817,19081,390149,3371,464294,19408,854443,California
Orange,2021-03-23,25712,1319818,13366,692837,11718,600536,628,26445,20702,406535,4946,469240,21332,875775,California
Orange,2021-03-24,28783,1348601,16072,708909,11834,612370,877,27322,21894,422484,6822,476062,22771,898546,California
Orange,2021-03-25,31633,1380234,16751,725660,14224,626594,658,27980,24024,439627,7539,483601,24682,923228,California
Orange,2021-03-26,34246,1414480,17707,743367,15694,642288,845,28825,24865,456039,9297,492898,25709,948937,California
Orange,2021-03-27,28222,1442702,13488,756855,14420,656708,314,29139,20240,468682,7913,500811,20556,969493,California
Orange,2021-03-28,24567,1467269,12698,769553,11802,668510,67,29206,18568,481371,5949,506760,18638,988131,California
Orange,2021-03-29,26190,1493459,11973,781526,13669,682179,548,29754,17855,491509,8267,515027,18405,1006536,California
Orange,2021-03-30,30350,1523809,13750,795276,16219,698398,381,30135,21535,504667,8760,523787,21918,1028454,California
Orange,2021-03-31,36503,1560312,19108,814384,16817,715215,578,30713,24020,516861,12409,536196,24603,1053057,California
Orange,2021-04-01,39120,1599432,20561,834945,17043,732258,1516,32229,26106,531529,12953,549149,27621,1080678,California
Orange,2021-04-02,38935,1638367,19555,854500,17741,749999,1639,33868,22759,539839,16098,565247,24408,1105086,California
Orange,2021-04-03,29497,1667864,15391,869891,12507,762506,1599,35467,15586,543175,13851,579098,17187,1122273,California
Orange,2021-04-04,18071,1685935,10558,880449,6865,769371,648,36115,8108,542003,9927,589025,8755,1131028,California
Orange,2021-04-05,29217,1715152,13857,894306,12138,781509,3222,39337,13802,543656,15366,604391,17019,1148047,California
Orange,2021-04-06,32937,1748089,15474,909780,14169,795678,3294,42631,14341,542764,18519,622910,17627,1165674,California
Orange,2021-04-07,35330,1783419,19767,929547,11171,806849,4392,47023,15710,543304,19547,642457,20087,1185761,California
Orange,2021-04-08,37752,1821171,20959,950506,11515,818364,5278,52301,18477,547832,19208,661665,23736,1209497,California
Orange,2021-04-09,38494,1859665,22349,972855,11334,829698,4811,57112,16931,548067,21495,683160,21730,1231227,California
Orange,2021-04-10,33277,1892942,17440,990295,11739,841437,4098,61210,13652,546250,19550,702710,17733,1248960,California
Orange,2021-04-11,25276,1918218,14236,1004531,7834,849271,3206,64416,9704,543620,15530,718240,12900,1261860,California
Orange,2021-04-12,29212,1947430,14734,1019265,11162,860433,3316,67732,11474,540705,17691,735931,14776,1276636,California
Orange,2021-04-13,31543,1978973,17744,1037009,13737,874170,62,67794,14754,538787,16732,752663,14814,1291450,California
Orange,2021-04-14,32358,2011331,18601,1055610,13735,887905,22,67816,14080,534684,18207,770870,14104,1305554,California
Orange,2021-04-15,35209,2046540,20918,1076528,14282,902187,9,67825,15717,531004,19418,790288,15738,1321292,California
Orange,2021-04-16,24274,2070814,15095,1091623,9160,911347,19,67844,11200,529191,13035,803323,11222,1332514,California
Placer,2020-12-15,29,29,29,29,0,0,0,0,29,29,0,0,29,29,California
Placer,2020-12-16,53,82,53,82,0,0,0,0,53,82,0,0,53,82,California
Placer,2020-12-17,139,221,139,221,0,0,0,0,139,221,0,0,139,221,California
Placer,2020-12-18,330,551,330,551,0,0,0,0,330,551,0,0,330,551,California
Placer,2020-12-19,251,802,251,802,0,0,0,0,251,802,0,0,251,802,California
Placer,2020-12-20,234,1036,234,1036,0,0,0,0,234,1036,0,0,234,1036,California
Placer,2020-12-21,492,1528,491,1527,1,1,0,0,492,1528,0,0,492,1528,California
Placer,2020-12-22,676,2204,669,2196,7,8,0,0,676,2204,0,0,676,2204,California
Placer,2020-12-23,743,2947,658,2854,85,93,0,0,743,2947,0,0,743,2947,California
Placer,2020-12-24,398,3345,346,3200,52,145,0,0,398,3345,0,0,398,3345,California
Placer,2020-12-26,158,3503,113,3313,45,190,0,0,158,3503,0,0,158,3503,California
Placer,2020-12-27,186,3689,163,3476,23,213,0,0,186,3689,0,0,186,3689,California
Placer,2020-12-28,665,4354,537,4013,128,341,0,0,665,4354,0,0,665,4354,California
Placer,2020-12-29,761,5115,513,4526,248,589,0,0,761,5115,0,0,761,5115,California
Placer,2020-12-30,730,5845,454,4980,276,865,0,0,728,5843,0,0,728,5843,California
Placer,2020-12-31,528,6373,343,5323,185,1050,0,0,528,6371,0,0,528,6371,California
Placer,2021-01-01,14,6387,10,5333,4,1054,0,0,14,6385,0,0,14,6385,California
Placer,2021-01-02,184,6571,152,5485,32,1086,0,0,184,6569,0,0,184,6569,California
Placer,2021-01-03,155,6726,79,5564,76,1162,0,0,155,6724,0,0,155,6724,California
Placer,2021-01-04,618,7344,178,5742,440,1602,0,0,618,7342,0,0,618,7342,California
Placer,2021-01-05,723,8067,159,5901,564,2166,0,0,640,7901,82,82,641,7983,California
Placer,2021-01-06,758,8825,243,6144,515,2681,0,0,617,8377,141,223,617,8600,California
Placer,2021-01-07,981,9806,366,6510,615,3296,0,0,776,8948,205,428,776,9376,California
Placer,2021-01-08,1181,10987,527,7037,654,3950,0,0,855,9480,323,751,855,10231,California
Placer,2021-01-09,449,11436,321,7358,128,4078,0,0,233,9498,215,966,233,10464,California
Placer,2021-01-10,329,11765,186,7544,143,4221,0,0,164,9497,165,1131,164,10628,California
Placer,2021-01-11,1427,13192,808,8352,619,4840,0,0,838,9747,589,1720,839,11467,California
Placer,2021-01-12,1644,14836,874,9226,770,5610,0,0,1042,10187,602,2322,1042,12509,California
Placer,2021-01-13,1627,16463,819,10045,808,6418,0,0,1207,10978,418,2740,1209,13718,California
Placer,2021-01-14,1734,18197,652,10697,1082,7500,0,0,1379,12006,352,3092,1380,15098,California
Placer,2021-01-15,1905,20102,722,11419,1183,8683,0,0,1554,13211,350,3442,1555,16653,California
Placer,2021-01-16,1468,21570,718,12137,750,9433,0,0,1347,14438,121,3563,1348,18001,California
Placer,2021-01-17,560,22130,394,12531,166,9599,0,0,428,14734,132,3695,428,18429,California
Placer,2021-01-18,977,23107,540,13071,437,10036,0,0,747,15252,230,3925,748,19177,California
Placer,2021-01-19,2559,25666,1947,15018,612,10648,0,0,2108,16909,451,4376,2108,21285,California
Placer,2021-01-20,2240,27906,1692,16710,548,11196,0,0,1912,18494,328,4704,1913,23198,California
Placer,2021-01-21,2533,30439,1114,17824,1419,12615,0,0,2139,20241,393,5097,2140,25338,California
Placer,2021-01-22,2276,32715,589,18413,1687,14302,0,0,2103,22174,171,5268,2104,27442,California
Placer,2021-01-23,1189,33904,380,18793,809,15111,0,0,1034,23053,155,5423,1034,28476,California
Placer,2021-01-24,507,34411,264,19057,243,15354,0,0,431,23409,76,5499,432,28908,California
Placer,2021-01-25,1646,36057,798,19855,848,16202,0,0,1359,24482,287,5786,1360,30268,California
Placer,2021-01-26,1827,37884,1024,20879,803,17005,0,0,1564,25783,263,6049,1564,31832,California
Placer,2021-01-27,1815,39699,1154,22033,661,17666,0,0,1572,27115,241,6290,1573,33405,California
Placer,2021-01-28,1777,41476,1109,23142,668,18334,0,0,1530,28400,245,6535,1530,34935,California
Placer,2021-01-29,1856,43332,1165,24307,691,19025,0,0,1665,29877,190,6725,1667,36602,California
Placer,2021-01-30,1722,45054,970,25277,752,19777,0,0,1603,31362,118,6843,1603,38205,California
Placer,2021-01-31,779,45833,622,25899,157,19934,0,0,710,32004,69,6912,711,38916,California
Placer,2021-02-01,2065,47898,1086,26985,979,20913,0,0,1749,33437,316,7228,1749,40665,California
Placer,2021-02-02,2366,50264,1535,28520,831,21744,0,0,1881,34836,482,7710,1881,42546,California
Placer,2021-02-03,2911,53175,1873,30393,1038,22782,0,0,2291,36511,616,8326,2291,44837,California
Placer,2021-02-04,2753,55928,1186,31579,1567,24349,0,0,1933,37628,817,9143,1934,46771,California
Placer,2021-02-05,2727,58655,1201,32780,1526,25875,0,0,1400,37706,1322,10465,1400,48171,California
Placer,2021-02-06,1939,60594,1302,34082,637,26512,0,0,1391,38549,548,11013,1391,49562,California
Placer,2021-02-07,1216,61810,907,34989,309,26821,0,0,938,39210,277,11290,938,50500,California
Placer,2021-02-08,3297,65107,1766,36755,1531,28352,0,0,1973,39868,1316,12606,1974,52474,California
Placer,2021-02-09,3533,68640,2164,38919,1369,29721,0,0,1630,39597,1901,14507,1630,54104,California
Placer,2021-02-10,3742,72382,2188,41107,1554,31275,0,0,1746,39352,1993,16500,1748,55852,California
Placer,2021-02-11,3611,75993,1892,42999,1719,32994,0,0,1576,38902,2027,18527,1577,57429,California
Placer,2021-02-12,2749,78742,1316,44315,1433,34427,0,0,1660,39491,1072,19599,1661,59090,California
Placer,2021-02-13,2531,81273,1484,45799,1047,35474,0,0,1880,40720,651,20250,1880,60970,California
Placer,2021-02-14,1075,82348,673,46472,402,35876,0,0,735,41118,337,20587,735,61705,California
Placer,2021-02-15,2176,84524,1042,47514,1134,37010,0,0,1522,41986,655,21242,1523,63228,California
Placer,2021-02-16,3507,88031,1778,49292,1729,38739,0,0,1574,41637,1924,23166,1575,64803,California
Placer,2021-02-17,3498,91529,1959,51251,1539,40278,0,0,1500,41143,1994,25160,1500,66303,California
Placer,2021-02-18,3667,95196,1993,53244,1674,41952,0,0,1566,40618,2092,27252,1567,67870,California
Placer,2021-02-19,3535,98731,1906,55150,1629,43581,0,0,1311,39710,2220,29472,1312,69182,California
Placer,2021-02-20,1967,100698,1227,56377,740,44321,0,0,884,39519,1078,30550,887,70069,California
Placer,2021-02-21,950,101648,726,57103,224,44545,0,0,260,39093,687,31237,261,70330,California
Placer,2021-02-22,2490,104138,1767,58870,723,45268,0,0,602,37808,1887,33124,602,70932,California
Placer,2021-02-23,2501,106639,1560,60430,941,46209,0,0,868,37044,1632,34756,868,71800,California
Placer,2021-02-24,3230,109869,1172,61602,2058,48267,0,0,1780,37386,1440,36196,1782,73582,California
Placer,2021-02-25,3445,113314,1422,63024,2023,50290,0,0,1831,37611,1607,37803,1832,75414,California
Placer,2021-02-26,4062,117376,2372,65396,1690,51980,0,0,2341,38236,1716,39519,2341,77755,California
Placer,2021-02-27,2808,120184,1489,66885,1319,53299,0,0,1448,38333,1354,40873,1451,79206,California
Placer,2021-02-28,1380,121564,790,67675,590,53889,0,0,571,38100,804,41677,571,79777,California
Placer,2021-03-01,2976,124540,1982,69657,994,54883,0,0,1531,38191,1440,43117,1531,81308,California
Placer,2021-03-02,2821,127361,1757,71414,1064,55947,0,0,1857,39089,959,44076,1857,83165,California
Placer,2021-03-03,3244,130605,1385,72799,1859,57806,0,0,1771,39394,1467,45543,1772,84937,California
Placer,2021-03-04,3531,134136,1424,74223,2107,59913,0,0,1845,39566,1674,47217,1846,86783,California
Placer,2021-03-05,2968,137104,1025,75248,1921,61834,22,22,1792,40206,1174,48391,1814,88597,California
Placer,2021-03-06,2392,139496,1480,76728,816,62650,96,118,917,39751,1468,49859,1013,89610,California
Placer,2021-03-07,1291,140787,753,77481,500,63150,38,156,524,39549,764,50623,562,90172,California
Placer,2021-03-08,2880,143667,1823,79304,944,64094,113,269,1646,40075,1233,51856,1759,91931,California
Placer,2021-03-09,3122,146789,1672,80976,1361,65455,89,358,1776,40597,1343,53199,1865,93796,California
Placer,2021-03-10,3239,150028,1309,82285,1823,67278,107,465,1685,40839,1549,54748,1791,95587,California
Placer,2021-03-11,3512,153540,1580,83865,1808,69086,124,589,1685,40831,1819,56567,1811,97398,California
Placer,2021-03-12,3631,157171,1477,85342,1370,70456,784,1373,1216,40423,2409,58976,2001,99399,California
Placer,2021-03-13,2082,159253,732,86074,1233,71689,117,1490,1116,40694,963,59939,1234,100633,California
Placer,2021-03-14,1627,160880,669,86743,809,72498,149,1639,882,40980,745,60684,1031,101664,California
Placer,2021-03-15,3150,164030,1522,88265,1497,73995,131,1770,1743,41451,1405,62089,1876,103540,California
Placer,2021-03-16,3531,167561,1904,90169,1494,75489,133,1903,2268,42598,1255,63344,2402,105942,California
Placer,2021-03-17,3388,170949,1719,91888,1569,77058,100,2003,2194,43702,1192,64536,2296,108238,California
Placer,2021-03-18,3939,174888,2193,94081,1707,78765,39,2042,2815,45436,1119,65655,2853,111091,California
Placer,2021-03-19,3403,178291,2059,96140,1082,79847,262,2304,2178,46657,1218,66873,2439,113530,California
Placer,2021-03-20,2126,180417,891,97031,1137,80984,98,2402,1298,47228,824,67697,1395,114925,California
Placer,2021-03-21,1244,181661,570,97601,665,81649,9,2411,953,47902,288,67985,962,115887,California
Placer,2021-03-22,3260,184921,2093,99694,1080,82729,87,2498,2192,49118,1064,69049,2280,118167,California
Placer,2021-03-23,3477,188398,2075,101769,1311,84040,91,2589,2490,50718,982,70031,2582,120749,California
Placer,2021-03-24,3744,192142,1993,103762,1654,85694,97,2686,1954,50991,1778,71809,2051,122800,California
Placer,2021-03-25,3748,195890,1791,105553,1860,87554,97,2783,1722,50791,2018,73827,1818,124618,California
Placer,2021-03-26,3721,199611,1649,107202,1841,89395,231,3014,1576,50463,2135,75962,1807,126425,California
Placer,2021-03-27,1588,201199,469,107671,1098,90493,21,3035,650,50202,931,76893,670,127095,California
Placer,2021-03-28,1097,202296,529,108200,558,91051,10,3045,379,49878,713,77606,389,127484,California
Placer,2021-03-29,3552,205848,1987,110187,1533,92584,32,3077,1739,49847,1803,79409,1772,129256,California
Placer,2021-03-30,3973,209821,2104,112291,1826,94410,43,3120,2114,50156,1847,81256,2156,131412,California
Placer,2021-03-31,4047,213868,1823,114114,2150,96560,74,3194,1696,49580,2345,83601,1769,133181,California
Placer,2021-04-01,2853,216721,1362,115476,1446,98006,45,3239,1594,49962,1257,84858,1639,134820,California
Placer,2021-04-02,2780,219501,1437,116913,1280,99286,63,3302,1559,50369,1215,86073,1622,136442,California
Placer,2021-04-03,1851,221352,982,117895,739,100025,130,3432,890,50434,954,87027,1019,137461,California
Placer,2021-04-04,702,222054,356,118251,293,100318,53,3485,280,50347,420,87447,333,137794,California
Placer,2021-04-05,2982,225036,1895,120146,915,101233,172,3657,1749,51038,1230,88677,1921,139715,California
Placer,2021-04-06,4260,229296,2468,122614,1499,102732,293,3950,1549,50175,2705,91382,1842,141557,California
Placer,2021-04-07,4470,233766,2555,125169,1461,104193,454,4404,2059,50281,2405,93787,2511,144068,California
Placer,2021-04-08,4659,238425,2585,127754,1532,105725,542,4946,1586,49345,3063,96850,2127,146195,California
Placer,2021-04-09,4000,242425,2207,129961,1189,106914,604,5550,1199,48354,2795,99645,1804,147999,California
Placer,2021-04-10,1902,244327,793,130754,934,107848,175,5725,795,48220,1103,100748,969,148968,California
Placer,2021-04-11,1307,245634,500,131254,775,108623,32,5757,424,47796,879,101627,455,149423,California
Placer,2021-04-12,4001,249635,2576,133830,1053,109676,372,6129,2402,48978,1591,103218,2773,152196,California
Placer,2021-04-13,4247,253882,2917,136747,1328,111004,2,6131,2127,48991,2116,105334,2129,154325,California
Placer,2021-04-14,3707,257589,2290,139037,1416,112420,1,6132,1553,48399,2145,107479,1553,155878,California
Placer,2021-04-15,3654,261243,1967,141004,1686,114106,1,6133,1732,48219,1915,109394,1735,157613,California
Placer,2021-04-16,1434,262677,788,141792,646,114752,0,6133,618,48025,812,110206,618,158231,California
Plumas,2020-12-18,4,4,4,4,0,0,0,0,4,4,0,0,4,4,California
Plumas,2020-12-19,1,5,1,5,0,0,0,0,1,5,0,0,1,5,California
Plumas,2020-12-21,45,50,45,50,0,0,0,0,45,50,0,0,45,50,California
Plumas,2020-12-22,92,142,92,142,0,0,0,0,92,142,0,0,92,142,California
Plumas,2020-12-23,50,192,50,192,0,0,0,0,50,192,0,0,50,192,California
Plumas,2020-12-24,6,198,6,198,0,0,0,0,6,198,0,0,6,198,California
Plumas,2020-12-28,8,206,0,198,8,8,0,0,8,206,0,0,8,206,California
Plumas,2020-12-29,32,238,22,220,10,18,0,0,32,238,0,0,32,238,California
Plumas,2020-12-30,22,260,1,221,21,39,0,0,22,260,0,0,22,260,California
Plumas,2020-12-31,4,264,1,222,3,42,0,0,4,264,0,0,4,264,California
Plumas,2021-01-04,10,274,4,226,6,48,0,0,10,274,0,0,10,274,California
Plumas,2021-01-05,22,296,2,228,20,68,0,0,22,296,0,0,22,296,California
Plumas,2021-01-06,124,420,5,233,119,187,0,0,124,420,0,0,124,420,California
Plumas,2021-01-07,53,473,2,235,51,238,0,0,52,471,1,1,52,472,California
Plumas,2021-01-08,12,485,5,240,7,245,0,0,8,475,4,5,8,480,California
Plumas,2021-01-09,2,487,2,242,0,245,0,0,1,475,1,6,1,481,California
Plumas,2021-01-11,59,546,50,292,9,254,0,0,12,440,47,53,12,493,California
Plumas,2021-01-12,155,701,86,378,69,323,0,0,71,427,84,137,71,564,California
Plumas,2021-01-13,56,757,50,428,6,329,0,0,10,391,46,183,10,574,California
Plumas,2021-01-14,96,853,14,442,82,411,0,0,91,477,5,188,91,665,California
Plumas,2021-01-15,62,915,7,449,55,466,0,0,60,535,2,190,60,725,California
Plumas,2021-01-16,58,973,1,450,57,523,0,0,58,593,0,190,58,783,California
Plumas,2021-01-18,2,975,1,451,1,524,0,0,2,595,0,190,2,785,California
Plumas,2021-01-19,36,1011,5,456,31,555,0,0,32,623,4,194,32,817,California
Plumas,2021-01-20,121,1132,3,459,118,673,0,0,119,740,2,196,119,936,California
Plumas,2021-01-21,113,1245,2,461,111,784,0,0,113,853,0,196,113,1049,California
Plumas,2021-01-22,4,1249,0,461,4,788,0,0,4,857,0,196,4,1053,California
Plumas,2021-01-23,92,1341,1,462,91,879,0,0,92,949,0,196,92,1145,California
Plumas,2021-01-24,1,1342,1,463,0,879,0,0,1,950,0,196,1,1146,California
Plumas,2021-01-25,8,1350,5,468,3,882,0,0,5,952,3,199,5,1151,California
Plumas,2021-01-26,60,1410,2,470,58,940,0,0,52,996,8,207,52,1203,California
Plumas,2021-01-27,25,1435,20,490,5,945,0,0,5,981,20,227,5,1208,California
Plumas,2021-01-28,23,1458,0,490,23,968,0,0,21,1000,2,229,21,1229,California
Plumas,2021-01-29,8,1466,2,492,6,974,0,0,7,1006,1,230,7,1236,California
Plumas,2021-01-30,8,1474,4,496,4,978,0,0,7,1012,1,231,7,1243,California
Plumas,2021-01-31,3,1477,3,499,0,978,0,0,3,1015,0,231,3,1246,California
Plumas,2021-02-01,16,1493,2,501,14,992,0,0,8,1015,8,239,8,1254,California
Plumas,2021-02-02,20,1513,1,502,19,1011,0,0,1,997,19,258,1,1255,California
Plumas,2021-02-03,128,1641,8,510,120,1131,0,0,13,896,114,372,13,1268,California
Plumas,2021-02-04,101,1742,8,518,93,1224,0,0,23,841,78,450,23,1291,California
Plumas,2021-02-05,24,1766,11,529,13,1237,0,0,9,835,15,465,9,1300,California
Plumas,2021-02-06,7,1773,0,529,7,1244,0,0,7,842,0,465,7,1307,California
Plumas,2021-02-08,15,1788,7,536,8,1252,0,0,3,833,12,477,3,1310,California
Plumas,2021-02-09,170,1958,1,537,169,1421,0,0,110,883,60,537,110,1420,California
Plumas,2021-02-10,89,2047,9,546,80,1501,0,0,80,955,9,546,81,1501,California
Plumas,2021-02-11,322,2369,7,553,315,1816,0,0,263,1159,59,605,263,1764,California
Plumas,2021-02-12,122,2491,3,556,119,1935,0,0,118,1273,4,609,118,1882,California
Plumas,2021-02-13,72,2563,3,559,69,2004,0,0,13,1227,59,668,13,1895,California
Plumas,2021-02-14,7,2570,4,563,3,2007,0,0,7,1234,0,668,7,1902,California
Plumas,2021-02-15,26,2596,3,566,23,2030,0,0,25,1258,1,669,25,1927,California
Plumas,2021-02-16,76,2672,4,570,72,2102,0,0,14,1210,62,731,14,1941,California
Plumas,2021-02-17,136,2808,5,575,131,2233,0,0,12,1098,124,855,12,1953,California
Plumas,2021-02-18,128,2936,6,581,122,2355,0,0,19,1008,109,964,19,1972,California
Plumas,2021-02-19,41,2977,4,585,37,2392,0,0,6,979,35,999,6,1978,California
Plumas,2021-02-20,103,3080,6,591,97,2489,0,0,11,898,92,1091,11,1989,California
Plumas,2021-02-21,6,3086,5,596,1,2490,0,0,2,896,4,1095,2,1991,California
Plumas,2021-02-22,3,3089,1,597,2,2492,0,0,0,893,3,1098,0,1991,California
Plumas,2021-02-23,24,3113,4,601,20,2512,0,0,16,901,8,1106,16,2007,California
Plumas,2021-02-24,455,3568,6,607,449,2961,0,0,443,1332,12,1118,443,2450,California
Plumas,2021-02-25,231,3799,9,616,222,3183,0,0,171,1443,60,1178,171,2621,California
Plumas,2021-02-26,264,4063,8,624,256,3439,0,0,256,1692,8,1186,257,2878,California
Plumas,2021-02-27,40,4103,4,628,36,3475,0,0,33,1718,7,1193,33,2911,California
Plumas,2021-02-28,1,4104,0,628,1,3476,0,0,1,1719,0,1193,1,2912,California
Plumas,2021-03-01,12,4116,3,631,9,3485,0,0,7,1722,4,1197,7,2919,California
Plumas,2021-03-02,9,4125,0,631,9,3494,0,0,6,1725,3,1200,6,2925,California
Plumas,2021-03-03,152,4277,10,641,142,3636,0,0,136,1845,16,1216,136,3061,California
Plumas,2021-03-04,249,4526,9,650,240,3876,0,0,228,2052,21,1237,228,3289,California
Plumas,2021-03-05,396,4922,6,656,385,4261,5,5,385,2431,11,1248,390,3679,California
Plumas,2021-03-06,16,4938,1,657,7,4268,8,13,3,2429,13,1261,11,3690,California
Plumas,2021-03-07,13,4951,2,659,2,4270,9,22,3,2431,10,1271,12,3702,California
Plumas,2021-03-08,29,4980,3,662,2,4272,24,46,3,2432,26,1297,27,3729,California
Plumas,2021-03-09,132,5112,1,663,116,4388,15,61,18,2351,114,1411,33,3762,California
Plumas,2021-03-10,254,5366,3,666,237,4625,14,75,107,2326,146,1557,121,3883,California
Plumas,2021-03-11,180,5546,8,674,167,4792,5,80,145,2441,35,1592,150,4033,California
Plumas,2021-03-12,593,6139,3,677,303,5095,287,367,23,2181,570,2162,310,4343,California
Plumas,2021-03-13,25,6164,4,681,10,5105,11,378,5,2177,20,2182,16,4359,California
Plumas,2021-03-14,11,6175,2,683,4,5109,5,383,1,2174,9,2191,6,4365,California
Plumas,2021-03-15,33,6208,1,684,26,5135,6,389,7,2161,26,2217,13,4378,California
Plumas,2021-03-16,59,6267,2,686,56,5191,1,390,49,2201,10,2227,50,4428,California
Plumas,2021-03-17,75,6342,10,696,64,5255,1,391,60,2248,14,2241,61,4489,California
Plumas,2021-03-18,57,6399,6,702,34,5289,17,408,8,2224,49,2290,25,4514,California
Plumas,2021-03-19,163,6562,6,708,155,5444,2,410,154,2374,7,2297,157,4671,California
Plumas,2021-03-20,690,7252,4,712,685,6129,1,411,669,3027,17,2314,670,5341,California
Plumas,2021-03-21,2,7254,1,713,1,6130,0,411,1,3028,0,2314,1,5342,California
Plumas,2021-03-22,180,7434,2,715,178,6308,0,411,173,3194,7,2321,173,5515,California
Plumas,2021-03-23,27,7461,2,717,25,6333,0,411,13,3193,14,2335,13,5528,California
Plumas,2021-03-24,650,8111,7,724,642,6975,1,412,220,2984,430,2765,221,5749,California
Plumas,2021-03-25,290,8401,5,729,283,7258,2,414,150,2994,140,2905,150,5899,California
Plumas,2021-03-26,308,8709,8,737,300,7558,0,414,46,2779,261,3166,46,5945,California
Plumas,2021-03-27,11,8720,1,738,9,7567,1,415,2,2773,9,3175,3,5948,California
Plumas,2021-03-28,5,8725,3,741,1,7568,1,416,3,2775,2,3177,4,5952,California
Plumas,2021-03-29,13,8738,4,745,8,7576,1,417,5,2773,8,3185,6,5958,California
Plumas,2021-03-30,151,8889,3,748,147,7723,1,418,24,2671,127,3312,25,5983,California
Plumas,2021-03-31,277,9166,2,750,274,7997,1,419,258,2911,19,3331,259,6242,California
Plumas,2021-04-01,290,9456,12,762,278,8275,0,419,59,2740,230,3561,59,6301,California
Plumas,2021-04-02,372,9828,4,766,367,8642,1,420,27,2435,333,3894,28,6329,California
Plumas,2021-04-03,15,9843,2,768,5,8647,8,428,3,2434,12,3906,11,6340,California
Plumas,2021-04-04,3,9846,1,769,1,8648,1,429,0,2432,3,3909,1,6341,California
Plumas,2021-04-05,14,9860,4,773,9,8657,1,430,7,2433,7,3916,8,6349,California
Plumas,2021-04-06,119,9979,6,779,82,8739,31,461,12,2364,107,4023,38,6387,California
Plumas,2021-04-07,279,10258,7,786,98,8837,174,635,27,2313,252,4275,201,6588,California
Plumas,2021-04-08,148,10406,3,789,130,8967,15,650,34,2248,113,4388,48,6636,California
Plumas,2021-04-09,48,10454,8,797,25,8992,15,665,18,2250,30,4418,32,6668,California
Plumas,2021-04-10,23,10477,2,799,5,8997,16,681,4,2251,19,4437,20,6688,California
Plumas,2021-04-11,4,10481,3,802,0,8997,1,682,3,2254,1,4438,4,6692,California
Plumas,2021-04-12,9,10490,4,806,4,9001,1,683,6,2258,3,4441,7,6699,California
Plumas,2021-04-13,188,10678,5,811,183,9184,0,683,127,2324,61,4502,127,6826,California
Plumas,2021-04-14,104,10782,6,817,98,9282,0,683,52,2324,52,4554,52,6878,California
Plumas,2021-04-15,42,10824,2,819,40,9322,0,683,30,2342,12,4566,30,6908,California
Plumas,2021-04-16,141,10965,4,823,137,9459,0,683,4,2209,137,4703,4,6912,California
Riverside,2020-12-15,4,4,4,4,0,0,0,0,4,4,0,0,4,4,California
Riverside,2020-12-16,63,67,63,67,0,0,0,0,63,67,0,0,63,67,California
Riverside,2020-12-17,806,873,806,873,0,0,0,0,806,873,0,0,806,873,California
Riverside,2020-12-18,1722,2595,1721,2594,1,1,0,0,1722,2595,0,0,1722,2595,California
Riverside,2020-12-19,1024,3619,1022,3616,2,3,0,0,1022,3616,1,1,1022,3617,California
Riverside,2020-12-20,1085,4704,1084,4700,1,4,0,0,1085,4701,0,1,1085,4702,California
Riverside,2020-12-21,2272,6976,2270,6970,2,6,0,0,2272,6973,0,1,2272,6974,California
Riverside,2020-12-22,2249,9225,2210,9180,39,45,0,0,2248,9221,0,1,2248,9222,California
Riverside,2020-12-23,2123,11348,1787,10967,336,381,0,0,2124,11345,0,1,2124,11346,California
Riverside,2020-12-24,827,12175,624,11591,203,584,0,0,827,12172,0,1,827,12173,California
Riverside,2020-12-25,28,12203,5,11596,23,607,0,0,28,12200,0,1,28,12201,California
Riverside,2020-12-26,400,12603,257,11853,143,750,0,0,400,12600,0,1,400,12601,California
Riverside,2020-12-27,361,12964,243,12096,118,868,0,0,361,12961,0,1,361,12962,California
Riverside,2020-12-28,1625,14589,1125,13221,500,1368,0,0,1625,14586,0,1,1625,14587,California
Riverside,2020-12-29,1736,16325,971,14192,765,2133,0,0,1736,16322,0,1,1736,16323,California
Riverside,2020-12-30,2570,18895,1680,15872,890,3023,0,0,2569,18891,0,1,2569,18892,California
Riverside,2020-12-31,1022,19917,395,16267,627,3650,0,0,1024,19915,0,1,1024,19916,California
Riverside,2021-01-01,104,20021,40,16307,64,3714,0,0,104,20019,0,1,104,20020,California
Riverside,2021-01-02,831,20852,691,16998,140,3854,0,0,831,20850,0,1,831,20851,California
Riverside,2021-01-03,344,21196,299,17297,45,3899,0,0,343,21193,0,1,343,21194,California
Riverside,2021-01-04,1255,22451,792,18089,463,4362,0,0,1255,22448,0,1,1255,22449,California
Riverside,2021-01-05,1977,24428,1362,19451,615,4977,0,0,1883,24243,88,89,1883,24332,California
Riverside,2021-01-06,2470,26898,1100,20551,1370,6347,0,0,2164,26105,302,391,2164,26496,California
Riverside,2021-01-07,2768,29666,1815,22366,953,7300,0,0,1704,26751,1060,1451,1706,28202,California
Riverside,2021-01-08,4038,33704,2933,25299,1105,8405,0,0,2231,27179,1803,3254,2231,30433,California
Riverside,2021-01-09,2070,35774,845,26144,1225,9630,0,0,1724,28558,345,3599,1724,32157,California
Riverside,2021-01-10,1661,37435,732,26876,929,10559,0,0,1058,29013,603,4202,1058,33215,California
Riverside,2021-01-11,4511,41946,3090,29966,1421,11980,0,0,2780,30066,1728,5930,2781,35996,California
Riverside,2021-01-12,3397,45343,2726,32692,671,12651,0,0,1711,30096,1681,7611,1711,37707,California
Riverside,2021-01-13,4381,49724,2868,35560,1513,14164,0,0,2779,31276,1599,9210,2779,40486,California
Riverside,2021-01-14,5452,55176,1862,37422,3590,17754,0,0,4867,35558,585,9795,4867,45353,California
Riverside,2021-01-15,6138,61314,2092,39514,4046,21800,0,0,5852,41125,285,10080,5852,51205,California
Riverside,2021-01-16,3609,64923,1017,40531,2592,24392,0,0,3364,44245,245,10325,3365,54570,California
Riverside,2021-01-17,3592,68515,582,41113,3010,27402,0,0,3397,47448,194,10519,3397,57967,California
Riverside,2021-01-18,3716,72231,2018,43131,1698,29100,0,0,2711,49154,1005,11524,2711,60678,California
Riverside,2021-01-19,7388,79619,2636,45767,4752,33852,0,0,6271,54309,1117,12641,6272,66950,California
Riverside,2021-01-20,7953,87572,2871,48638,5082,38934,0,0,6472,59312,1472,14113,6475,73425,California
Riverside,2021-01-21,8202,95774,3367,52005,4835,43769,0,0,7587,66283,616,14729,7587,81012,California
Riverside,2021-01-22,8694,104468,2963,54968,5731,49500,0,0,8265,74122,427,15156,8266,89278,California
Riverside,2021-01-23,5919,110387,2390,57358,3529,53029,0,0,5191,78586,728,15884,5192,94470,California
Riverside,2021-01-24,3033,113420,1431,58789,1602,54631,0,0,2820,81197,210,16094,2821,97291,California
Riverside,2021-01-25,7871,121291,4535,63324,3336,57967,0,0,6748,86825,1121,17215,6749,104040,California
Riverside,2021-01-26,9110,130401,5731,69055,3379,61346,0,0,7601,92920,1507,18722,7602,111642,California
Riverside,2021-01-27,10498,140899,6169,75224,4329,65675,0,0,8984,100398,1511,20233,8989,120631,California
Riverside,2021-01-28,11383,152282,6694,81918,4689,70364,0,0,10228,109481,1147,21380,10230,130861,California
Riverside,2021-01-29,11838,164120,7221,89139,4617,74981,0,0,10472,118618,1339,22719,10476,141337,California
Riverside,2021-01-30,9042,173162,4603,93742,4439,79420,0,0,8582,126744,457,23176,8583,149920,California
Riverside,2021-01-31,5144,178306,4242,97984,902,80322,0,0,5016,131636,127,23303,5019,154939,California
Riverside,2021-02-01,10818,189124,6675,104659,4143,84465,0,0,9043,138912,1769,25072,9045,163984,California
Riverside,2021-02-02,9377,198501,4772,109431,4605,89070,0,0,7902,145348,1468,26540,7904,171888,California
Riverside,2021-02-03,11993,210494,4973,114404,7020,96090,0,0,9765,152896,2217,28757,9765,181653,California
Riverside,2021-02-04,13544,224038,6045,120449,7499,103589,0,0,11459,162279,2078,30835,11461,193114,California
Riverside,2021-02-05,14304,238342,5392,125841,8912,112501,0,0,11269,170525,3027,33862,11273,204387,California
Riverside,2021-02-06,7250,245592,4282,130123,2968,115469,0,0,5615,174515,1628,35490,5618,210005,California
Riverside,2021-02-07,2159,247751,788,130911,1371,116840,0,0,1843,176044,315,35805,1844,211849,California
Riverside,2021-02-08,12431,260182,5521,136432,6910,123750,0,0,10152,183937,2262,38067,10155,222004,California
Riverside,2021-02-09,9629,269811,4515,140947,5114,128864,0,0,7717,189755,1904,39971,7722,229726,California
Riverside,2021-02-10,12002,281813,6972,147919,5030,133894,0,0,8895,195563,3095,43066,8903,238629,California
Riverside,2021-02-11,16468,298281,8976,156895,7492,141386,0,0,12098,203327,4348,47414,12112,250741,California
Riverside,2021-02-12,17649,315930,10803,167698,6846,148232,0,0,12813,211357,4793,52207,12823,263564,California
Riverside,2021-02-13,6306,322236,2113,169811,4193,152425,0,0,3079,211248,3209,55416,3100,266664,California
Riverside,2021-02-14,4923,327159,1120,170931,3803,156228,0,0,2175,210680,2744,58160,2176,268840,California
Riverside,2021-02-15,9806,336965,4996,175927,4810,161038,0,0,5403,211695,4395,62555,5410,274250,California
Riverside,2021-02-16,16093,353058,10101,186028,5992,167030,0,0,9245,214106,6841,69396,9252,283502,California
Riverside,2021-02-17,14986,368044,8183,194211,6803,173833,0,0,7554,214249,7420,76816,7563,291065,California
Riverside,2021-02-18,15442,383486,8920,203131,6522,180355,0,0,8049,214935,7376,84192,8062,299127,California
Riverside,2021-02-19,15216,398702,8204,211335,7012,187367,0,0,7199,214144,7998,92190,7207,306334,California
Riverside,2021-02-20,8051,406753,4250,215585,3801,191168,0,0,2087,210284,5950,98140,2090,308424,California
Riverside,2021-02-21,3399,410152,2885,218470,514,191682,0,0,1024,208943,2365,100505,1024,309448,California
Riverside,2021-02-22,12278,422430,7701,226171,4577,196259,0,0,5094,206873,7169,107674,5099,314547,California
Riverside,2021-02-23,10987,433417,7477,233648,3510,199769,0,0,5350,206614,5613,113287,5354,319901,California
Riverside,2021-02-24,14696,448113,8020,241668,6676,206445,0,0,6406,204785,8252,121539,6423,326324,California
Riverside,2021-02-25,17103,465216,7266,248934,9837,216282,0,0,7971,203669,9111,130650,7995,334319,California
Riverside,2021-02-26,18223,483439,6671,255605,11552,227834,0,0,9097,203726,9071,139721,9128,343447,California
Riverside,2021-02-27,11339,494778,4905,260510,6434,234268,0,0,5668,203781,5639,145360,5694,349141,California
Riverside,2021-02-28,4608,499386,2944,263454,1664,235932,0,0,2376,203942,2222,147582,2383,351524,California
Riverside,2021-03-01,14233,513619,6057,269511,8175,244107,1,1,8403,206570,5803,153385,8431,359955,California
Riverside,2021-03-02,14756,528375,7230,276741,7525,251632,1,2,8728,209318,6007,159392,8755,368710,California
Riverside,2021-03-03,16653,545028,8212,284953,8441,260073,0,2,7147,207129,9461,168853,7272,375982,California
Riverside,2021-03-04,16406,561434,5966,290919,10436,270509,4,6,7958,206825,8407,177260,8103,384085,California
Riverside,2021-03-05,17455,578889,6874,297793,10537,281046,44,50,8753,207241,8654,185914,9070,393155,California
Riverside,2021-03-06,9071,587960,4689,302482,3904,284950,478,528,4624,207939,4434,190348,5132,398287,California
Riverside,2021-03-07,4164,592124,2690,305172,1087,286037,387,915,1955,208086,2201,192549,2348,400635,California
Riverside,2021-03-08,10290,602414,4657,309829,5234,291271,399,1314,4385,207010,5889,198438,4813,405448,California
Riverside,2021-03-09,12797,615211,6021,315850,6323,297594,453,1767,5221,205239,7563,206001,5792,411240,California
Riverside,2021-03-10,13370,628581,6690,322540,5868,303462,812,2579,5535,203927,7807,213808,6495,417735,California
Riverside,2021-03-11,17197,645778,8514,331054,6986,310448,1697,4276,6860,202383,10308,224116,8764,426499,California
Riverside,2021-03-12,21034,666812,7893,338947,8467,318915,4674,8950,7067,200518,13937,238053,12072,438571,California
Riverside,2021-03-13,8212,675024,2499,341446,4556,323471,1157,10107,4264,202085,3934,241987,5501,444072,California
Riverside,2021-03-14,4543,679567,1576,343022,1678,325149,1289,11396,2029,202896,2504,244491,3315,447387,California
Riverside,2021-03-15,18550,698117,7820,350842,9062,334211,1668,13064,9103,204359,9410,253901,10873,458260,California
Riverside,2021-03-16,20843,718960,10100,360942,9932,344143,811,13875,11362,207182,9445,263346,12268,470528,California
Riverside,2021-03-17,21187,740147,10856,371798,9286,353429,1045,14920,12737,212604,8421,271767,13843,484371,California
Riverside,2021-03-18,22491,762638,11697,383495,9145,362574,1649,16569,12494,216802,9954,281721,14152,498523,California
Riverside,2021-03-19,23910,786548,12540,396035,10425,372999,945,17514,13973,222193,9889,291610,15280,513803,California
Riverside,2021-03-20,10524,797072,6813,402848,2553,375552,1158,18672,6761,226377,3736,295346,7920,521723,California
Riverside,2021-03-21,3660,800732,2860,405708,547,376099,253,18925,2514,228013,1133,296479,2769,524492,California
Riverside,2021-03-22,16578,817310,9894,415602,6128,382227,556,19481,10579,233187,5960,302439,11134,535626,California
Riverside,2021-03-23,18484,835794,10454,426056,7610,389837,420,19901,11984,239157,6452,308891,12422,548048,California
Riverside,2021-03-24,18585,854379,10369,436425,8097,397934,119,20020,12825,246388,5719,314610,12950,560998,California
Riverside,2021-03-25,20973,875352,11597,448022,9202,407136,174,20194,14258,254173,6652,321262,14437,575435,California
Riverside,2021-03-26,24000,899352,11848,459870,11982,419118,170,20364,15090,260613,8825,330087,15265,590700,California
Riverside,2021-03-27,9183,908535,4815,464685,3315,422433,1053,21417,4731,261962,4436,334523,5785,596485,California
Riverside,2021-03-28,4715,913250,3102,467787,1522,423955,91,21508,2839,263025,1868,336391,2931,599416,California
Riverside,2021-03-29,15566,928816,7901,475688,7550,431505,115,21623,10040,267691,5499,341890,10165,609581,California
Riverside,2021-03-30,18257,947073,9521,485209,8535,440040,201,21824,11916,273502,6310,348200,12121,621702,California
Riverside,2021-03-31,17956,965029,8366,493575,9290,449330,300,22124,11673,279242,6242,354442,11982,633684,California
Riverside,2021-04-01,25231,990260,12362,505937,12131,461461,738,22862,16825,288449,8357,362799,17564,651248,California
Riverside,2021-04-02,25792,1016052,13906,519843,10962,472423,924,23786,16375,296610,9366,372165,17527,668775,California
Riverside,2021-04-03,9084,1025136,5754,525597,2769,475192,561,24347,5886,299870,3186,375351,6446,675221,California
Riverside,2021-04-04,3284,1028420,1998,527595,1071,476263,215,24562,1699,300203,1581,376932,1914,677135,California
Riverside,2021-04-05,18067,1046487,9352,536947,6899,483162,1816,26378,10564,305110,7476,384408,12383,689518,California
Riverside,2021-04-06,23451,1069938,12171,549118,9212,492374,2068,28446,13247,310264,10158,394566,15312,704830,California
Riverside,2021-04-07,24331,1094269,13154,562272,8751,501125,2426,30872,14240,316880,10052,404618,16668,721498,California
Riverside,2021-04-08,26797,1121066,14782,577054,9147,510272,2868,33740,16918,326833,9821,414439,19774,741272,California
Riverside,2021-04-09,25286,1146352,15019,592073,7977,518249,2290,36030,15702,335306,9541,423980,18014,759286,California
Riverside,2021-04-10,11452,1157804,6377,598450,3732,521981,1343,37373,4882,334998,6530,430510,6222,765508,California
Riverside,2021-04-11,4536,1162340,2720,601170,1233,523214,583,37956,2162,335381,2363,432873,2746,768254,California
Riverside,2021-04-12,19517,1181857,8677,609847,8364,531578,2476,40432,10244,338863,9237,442110,12719,780973,California
Riverside,2021-04-13,19228,1201085,10704,620551,8497,540075,27,40459,11072,341847,8117,450227,11101,792074,California
Riverside,2021-04-14,19564,1220649,10367,630918,9184,549259,13,40472,9995,342331,9527,459754,10011,802085,California
Riverside,2021-04-15,18453,1239102,10148,641066,8301,557560,4,40476,9284,342519,9106,468860,9294,811379,California
Riverside,2021-04-16,14995,1254097,9067,650133,5924,563484,4,40480,6512,340601,8444,477304,6526,817905,California
Sacramento,2020-12-15,314,314,314,314,0,0,0,0,314,314,0,0,314,314,California
Sacramento,2020-12-16,644,958,644,958,0,0,0,0,644,958,0,0,644,958,California
Sacramento,2020-12-17,645,1603,645,1603,0,0,0,0,645,1603,0,0,645,1603,California
Sacramento,2020-12-18,973,2576,970,2573,3,3,0,0,973,2576,0,0,973,2576,California
Sacramento,2020-12-19,613,3189,613,3186,0,3,0,0,613,3189,0,0,613,3189,California
Sacramento,2020-12-20,634,3823,634,3820,0,3,0,0,634,3823,0,0,634,3823,California
Sacramento,2020-12-21,1679,5502,1678,5498,1,4,0,0,1680,5503,0,0,1680,5503,California
Sacramento,2020-12-22,2092,7594,2062,7560,30,34,0,0,2092,7595,0,0,2092,7595,California
Sacramento,2020-12-23,2246,9840,2080,9640,166,200,0,0,2246,9841,0,0,2246,9841,California
Sacramento,2020-12-24,1045,10885,834,10474,211,411,0,0,1045,10886,0,0,1045,10886,California
Sacramento,2020-12-25,1,10886,0,10474,1,412,0,0,1,10887,0,0,1,10887,California
Sacramento,2020-12-26,508,11394,291,10765,217,629,0,0,508,11395,0,0,508,11395,California
Sacramento,2020-12-27,350,11744,247,11012,103,732,0,0,350,11745,0,0,350,11745,California
Sacramento,2020-12-28,1902,13646,1322,12334,580,1312,0,0,1901,13645,1,1,1901,13646,California
Sacramento,2020-12-29,1950,15596,1187,13521,763,2075,0,0,1950,15595,0,1,1950,15596,California
Sacramento,2020-12-30,2566,18162,1464,14985,1102,3177,0,0,2567,18162,0,1,2567,18163,California
Sacramento,2020-12-31,1227,19389,695,15680,532,3709,0,0,1227,19389,0,1,1227,19390,California
Sacramento,2021-01-01,68,19457,59,15739,9,3718,0,0,68,19457,0,1,68,19458,California
Sacramento,2021-01-02,563,20020,362,16101,201,3919,0,0,563,20020,0,1,563,20021,California
Sacramento,2021-01-03,409,20429,220,16321,189,4108,0,0,409,20429,0,1,409,20430,California
Sacramento,2021-01-04,1959,22388,845,17166,1114,5222,0,0,1957,22385,1,2,1957,22387,California
Sacramento,2021-01-05,2208,24596,985,18151,1223,6445,0,0,1854,23892,354,356,1861,24248,California
Sacramento,2021-01-06,2731,27327,1623,19774,1108,7553,0,0,1956,25076,772,1128,1956,26204,California
Sacramento,2021-01-07,2830,30157,1505,21279,1325,8878,0,0,1971,26191,856,1984,1971,28175,California
Sacramento,2021-01-08,3286,33443,2087,23366,1199,10077,0,0,2248,27406,1034,3018,2249,30424,California
Sacramento,2021-01-09,1289,34732,798,24164,491,10568,0,0,898,27915,389,3407,898,31322,California
Sacramento,2021-01-10,1247,35979,712,24876,535,11103,0,0,774,28218,472,3879,775,32097,California
Sacramento,2021-01-11,4336,40315,2947,27823,1389,12492,0,0,2409,28703,1926,5805,2411,34508,California
Sacramento,2021-01-12,4418,44733,3033,30856,1385,13877,0,0,2453,29196,1964,7769,2457,36965,California
Sacramento,2021-01-13,3774,48507,2163,33019,1611,15488,0,0,2364,30153,1409,9178,2366,39331,California
Sacramento,2021-01-14,4591,53098,2360,35379,2231,17719,0,0,3668,32902,919,10097,3668,42999,California
Sacramento,2021-01-15,4401,57499,2262,37641,2139,19858,0,0,3679,35861,721,10818,3680,46679,California
Sacramento,2021-01-16,2092,59591,1292,38933,800,20658,0,0,1875,37519,217,11035,1875,48554,California
Sacramento,2021-01-17,1633,61224,950,39883,683,21341,0,0,1455,38799,178,11213,1458,50012,California
Sacramento,2021-01-18,2857,64081,1764,41647,1093,22434,0,0,2332,40608,524,11737,2333,52345,California
Sacramento,2021-01-19,4618,68699,3054,44701,1564,23998,0,0,3352,42695,1266,13003,3353,55698,California
Sacramento,2021-01-20,4766,73465,2818,47519,1948,25946,0,0,3554,45040,1214,14217,3559,59257,California
Sacramento,2021-01-21,5178,78643,2984,50503,2194,28140,0,0,4216,48301,956,15173,4217,63474,California
Sacramento,2021-01-22,4967,83610,2645,53148,2322,30462,0,0,4663,52662,303,15476,4664,68138,California
Sacramento,2021-01-23,3724,87334,1558,54706,2166,32628,0,0,3270,55478,454,15930,3270,71408,California
Sacramento,2021-01-24,1574,88908,986,55692,588,33216,0,0,1335,56575,239,16169,1336,72744,California
Sacramento,2021-01-25,4352,93260,2110,57802,2242,35458,0,0,2936,58097,1416,17585,2938,75682,California
Sacramento,2021-01-26,4699,97959,2129,59931,2570,38028,0,0,3500,60402,1197,18782,3502,79184,California
Sacramento,2021-01-27,5792,103751,3047,62978,2745,40773,0,0,4189,62993,1600,20382,4191,83375,California
Sacramento,2021-01-28,5348,109099,2706,65684,2642,43415,0,0,4253,66153,1094,21476,4254,87629,California
Sacramento,2021-01-29,5372,114471,2925,68609,2447,45862,0,0,4357,69503,1007,22483,4357,91986,California
Sacramento,2021-01-30,4499,118970,2198,70807,2301,48163,0,0,4066,73138,431,22914,4066,96052,California
Sacramento,2021-01-31,2288,121258,1994,72801,294,48457,0,0,2016,74886,270,23184,2018,98070,California
Sacramento,2021-02-01,5897,127155,3007,75808,2890,51347,0,0,4241,77473,1654,24838,4241,102311,California
Sacramento,2021-02-02,6851,134006,3760,79568,3091,54438,0,0,4772,80185,2062,26900,4774,107085,California
Sacramento,2021-02-03,7084,141090,3547,83115,3537,57975,0,0,5228,83568,1847,28747,5230,112315,California
Sacramento,2021-02-04,7690,148780,3619,86734,4071,62046,0,0,5484,86856,2196,30943,5484,117799,California
Sacramento,2021-02-05,7715,156495,4367,91101,3348,65394,0,0,4809,88785,2883,33826,4812,122611,California
Sacramento,2021-02-06,8416,164911,3438,94539,4978,70372,0,0,7085,94544,1327,35153,7086,129697,California
Sacramento,2021-02-07,4037,168948,2155,96694,1882,72254,0,0,2820,96157,1209,36362,2822,132519,California
Sacramento,2021-02-08,6189,175137,3197,99891,2992,75246,0,0,3882,97736,2303,38665,3882,136401,California
Sacramento,2021-02-09,6710,181847,3503,103394,3207,78453,0,0,3920,98876,2781,41446,3921,140322,California
Sacramento,2021-02-10,7644,189491,4176,107570,3468,81921,0,0,4528,100303,3103,44549,4530,144852,California
Sacramento,2021-02-11,8764,198255,4978,112548,3786,85707,0,0,4788,101129,3964,48513,4790,149642,California
Sacramento,2021-02-12,10552,208807,4134,116682,6418,92125,0,0,6370,103359,4143,52656,6373,156015,California
Sacramento,2021-02-13,7586,216393,2985,119667,4601,96726,0,0,6007,107789,1577,54233,6007,162022,California
Sacramento,2021-02-14,3103,219496,1921,121588,1182,97908,0,0,2064,108820,1037,55270,2068,164090,California
Sacramento,2021-02-15,5942,225438,2033,123621,3909,101817,0,0,4150,111188,1784,57054,4152,168242,California
Sacramento,2021-02-16,8842,234280,4194,127815,4648,106465,0,0,5261,112880,3574,60628,5266,173508,California
Sacramento,2021-02-17,8796,243076,4964,132779,3832,110297,0,0,5122,114341,3662,64290,5123,178631,California
Sacramento,2021-02-18,8814,251890,5044,137823,3770,114067,0,0,5075,115686,3733,68023,5078,183709,California
Sacramento,2021-02-19,9977,261867,6122,143945,3855,117922,0,0,5904,117534,4060,72083,5908,189617,California
Sacramento,2021-02-20,7333,269200,5354,149299,1979,119901,0,0,4288,118785,3038,75121,4289,193906,California
Sacramento,2021-02-21,2880,272080,2294,151593,586,120487,0,0,1001,117914,1872,76993,1001,194907,California
Sacramento,2021-02-22,6148,278228,3722,155315,2426,122913,0,0,2665,117108,3475,80468,2669,197576,California
Sacramento,2021-02-23,7097,285325,4414,159729,2683,125596,0,0,3463,116955,3619,84087,3466,201042,California
Sacramento,2021-02-24,9573,294898,5274,165003,4299,129895,0,0,5244,117889,4315,88402,5249,206291,California
Sacramento,2021-02-25,9974,304872,5377,170380,4597,134492,0,0,5512,118953,4448,92850,5512,211803,California
Sacramento,2021-02-26,13844,318716,6448,176828,7396,141888,0,0,9520,124183,4294,97144,9524,221327,California
Sacramento,2021-02-27,10767,329483,6698,183526,4066,145954,3,3,7920,129277,2830,99974,7924,229251,California
Sacramento,2021-02-28,5545,335028,2182,185708,3363,149317,0,3,2559,128865,2972,102946,2560,231811,California
Sacramento,2021-03-01,7944,342972,3419,189127,4525,153842,0,3,4271,129485,3653,106599,4273,236084,California
Sacramento,2021-03-02,8774,351746,3985,193112,4788,158630,1,4,5477,131683,3282,109881,5480,241564,California
Sacramento,2021-03-03,10674,362420,4892,198004,5779,164409,3,7,6295,133622,4361,114242,6300,247864,California
Sacramento,2021-03-04,12250,374670,5084,203088,7162,171571,4,11,7056,135524,5165,119407,7067,254931,California
Sacramento,2021-03-05,10493,385163,4868,207956,5595,177166,30,41,6966,139013,3508,122915,6997,261928,California
Sacramento,2021-03-06,8034,393197,3087,211043,4825,181991,122,163,4062,139241,3955,126870,4183,266111,California
Sacramento,2021-03-07,7542,400739,2180,213223,5278,187269,84,247,3700,139185,3839,130709,3783,269894,California
Sacramento,2021-03-08,9062,409801,4225,217448,4614,191883,223,470,5932,142221,3117,133826,6153,276047,California
Sacramento,2021-03-09,9439,419240,4502,221950,4668,196551,269,739,5413,143892,4011,137837,5682,281729,California
Sacramento,2021-03-10,11556,430796,7459,229409,3771,200322,326,1065,6744,146185,4779,142616,7072,288801,California
Sacramento,2021-03-11,13789,444585,8848,238257,4159,204481,782,1847,8187,149590,5563,148179,8968,297769,California
Sacramento,2021-03-12,17142,461727,8273,246530,8042,212523,827,2674,8085,149506,9006,157185,8922,306691,California
Sacramento,2021-03-13,12827,474554,3561,250091,8844,221367,422,3096,8067,153245,4748,161933,8487,315178,California
Sacramento,2021-03-14,8261,482815,3442,253533,4193,225560,626,3722,4389,154410,3849,165782,5014,320192,California
Sacramento,2021-03-15,12027,494842,4797,258330,6592,232152,638,4360,6980,157003,5026,170808,7619,327811,California
Sacramento,2021-03-16,13798,508640,6178,264508,6983,239135,637,4997,8499,160869,5267,176075,9133,336944,California
Sacramento,2021-03-17,13414,522054,6537,271045,6267,245402,610,5607,8630,165347,4759,180834,9237,346181,California
Sacramento,2021-03-18,13795,535849,6546,277591,6688,252090,561,6168,9102,170344,4664,185498,9661,355842,California
Sacramento,2021-03-19,14793,550642,7419,285010,6013,258103,1361,7529,7421,171779,7348,192846,8783,364625,California
Sacramento,2021-03-20,12671,563313,7523,292533,4809,262912,339,7868,7973,175420,4673,197519,8314,372939,California
Sacramento,2021-03-21,5527,568840,2747,295280,2741,265653,39,7907,4885,179717,629,198148,4926,377865,California
Sacramento,2021-03-22,9215,578055,4753,300033,3696,269349,766,8673,6232,183760,2957,201105,7000,384865,California
Sacramento,2021-03-23,11137,589192,6696,306729,3634,272983,807,9480,7175,187815,3927,205032,7982,392847,California
Sacramento,2021-03-24,11631,600823,7216,313945,3784,276767,631,10111,6698,190254,4893,209925,7332,400179,California
Sacramento,2021-03-25,12302,613125,6725,320670,4772,281539,805,10916,7125,193036,5146,215071,7928,408107,California
Sacramento,2021-03-26,17360,630485,8256,328926,8616,290155,488,11404,8471,193167,8831,223902,8962,417069,California
Sacramento,2021-03-27,9505,639990,3542,332468,5679,295834,284,11688,5116,194206,4360,228262,5399,422468,California
Sacramento,2021-03-28,6431,646421,3201,335669,2983,298817,247,11935,3080,194196,3342,231604,3332,425800,California
Sacramento,2021-03-29,10708,657129,5872,341541,4639,303456,197,12132,5150,194013,5533,237137,5350,431150,California
Sacramento,2021-03-30,11579,668708,6032,347573,5217,308673,330,12462,6067,194918,5491,242628,6396,437546,California
Sacramento,2021-03-31,13141,681849,7790,355363,4958,313631,393,12855,5650,193490,7467,250095,6039,443585,California
Sacramento,2021-04-01,15324,697173,8648,364011,6458,320089,218,13073,5799,190016,9498,259593,6024,449609,California
Sacramento,2021-04-02,15868,713041,8653,372664,6525,326614,690,13763,7952,190769,7892,267485,8645,458254,California
Sacramento,2021-04-03,10327,723368,6160,378824,3620,330234,547,14310,6366,193741,3938,271423,6910,465164,California
Sacramento,2021-04-04,3603,726971,1492,380316,1926,332160,185,14495,1405,193134,2194,273617,1587,466751,California
Sacramento,2021-04-05,11938,738909,7503,387819,3620,335780,815,15310,5354,192738,6562,280179,6166,472917,California
Sacramento,2021-04-06,15428,754337,8797,396616,5331,341111,1300,16610,6857,192355,8539,288718,8156,481073,California
Sacramento,2021-04-07,14600,768937,7927,404543,5131,346242,1542,18152,7121,193565,7446,296164,8656,489729,California
Sacramento,2021-04-08,14812,783749,6674,411217,5198,351440,2940,21092,5922,193560,8857,305021,8852,498581,California
Sacramento,2021-04-09,15437,799186,7581,418798,5752,357192,2104,23196,6012,192284,9386,314407,8110,506691,California
Sacramento,2021-04-10,11347,810533,2995,421793,7351,364543,1001,24197,4510,190975,6814,321221,5505,512196,California
Sacramento,2021-04-11,9442,819975,3086,424879,6136,370679,220,24417,2590,186952,6831,328052,2808,515004,California
Sacramento,2021-04-12,12654,832629,4833,429712,5986,376665,1835,26252,4846,185859,7761,335813,6668,521672,California
Sacramento,2021-04-13,14037,846666,7743,437455,6290,382955,4,26256,5489,182836,8520,344333,5497,527169,California
Sacramento,2021-04-14,13321,859987,6702,444157,6617,389572,2,26258,4741,179023,8559,352892,4746,531915,California
Sacramento,2021-04-15,13009,872996,6238,450395,6769,396341,2,26260,5070,176220,7911,360803,5108,537023,California
Sacramento,2021-04-16,7954,880950,3723,454118,4231,400572,0,26260,4068,176435,3856,364659,4071,541094,California
San Benito,2020-12-16,2,2,2,2,0,0,0,0,2,2,0,0,2,2,California
San Benito,2020-12-17,8,10,8,10,0,0,0,0,8,10,0,0,8,10,California
San Benito,2020-12-18,32,42,32,42,0,0,0,0,32,42,0,0,32,42,California
San Benito,2020-12-19,47,89,47,89,0,0,0,0,47,89,0,0,47,89,California
San Benito,2020-12-20,22,111,21,110,1,1,0,0,22,111,0,0,22,111,California
San Benito,2020-12-21,48,159,48,158,0,1,0,0,48,159,0,0,48,159,California
San Benito,2020-12-22,65,224,65,223,0,1,0,0,65,224,0,0,65,224,California
San Benito,2020-12-23,48,272,36,259,12,13,0,0,48,272,0,0,48,272,California
San Benito,2020-12-24,12,284,4,263,8,21,0,0,12,284,0,0,12,284,California
San Benito,2020-12-25,4,288,4,267,0,21,0,0,4,288,0,0,4,288,California
San Benito,2020-12-26,13,301,4,271,9,30,0,0,13,301,0,0,13,301,California
San Benito,2020-12-27,8,309,7,278,1,31,0,0,8,309,0,0,8,309,California
San Benito,2020-12-28,63,372,36,314,27,58,0,0,63,372,0,0,63,372,California
San Benito,2020-12-29,49,421,20,334,29,87,0,0,49,421,0,0,49,421,California
San Benito,2020-12-30,59,480,37,371,22,109,0,0,59,480,0,0,59,480,California
San Benito,2020-12-31,19,499,2,373,17,126,0,0,19,499,0,0,19,499,California
San Benito,2021-01-02,24,523,23,396,1,127,0,0,24,523,0,0,24,523,California
San Benito,2021-01-03,3,526,1,397,2,129,0,0,3,526,0,0,3,526,California
San Benito,2021-01-04,62,588,23,420,39,168,0,0,62,588,0,0,62,588,California
San Benito,2021-01-05,118,706,36,456,82,250,0,0,115,700,3,3,115,703,California
San Benito,2021-01-06,97,803,42,498,55,305,0,0,83,769,14,17,83,786,California
San Benito,2021-01-07,80,883,43,541,37,342,0,0,52,793,28,45,52,838,California
San Benito,2021-01-08,131,1014,67,608,64,406,0,0,88,838,43,88,88,926,California
San Benito,2021-01-09,44,1058,31,639,13,419,0,0,30,854,14,102,30,956,California
San Benito,2021-01-10,15,1073,13,652,2,421,0,0,5,849,10,112,5,961,California
San Benito,2021-01-11,102,1175,59,711,43,464,0,0,49,845,53,165,49,1010,California
San Benito,2021-01-12,156,1331,53,764,103,567,0,0,120,929,36,201,120,1130,California
San Benito,2021-01-13,190,1521,35,799,155,722,0,0,163,1065,27,228,163,1293,California
San Benito,2021-01-14,114,1635,23,822,91,813,0,0,97,1145,17,245,97,1390,California
San Benito,2021-01-15,214,1849,21,843,193,1006,0,0,200,1331,14,259,200,1590,California
San Benito,2021-01-16,27,1876,9,852,18,1024,0,0,21,1346,6,265,21,1611,California
San Benito,2021-01-17,11,1887,5,857,6,1030,0,0,8,1351,3,268,8,1619,California
San Benito,2021-01-18,36,1923,23,880,13,1043,0,0,21,1357,15,283,21,1640,California
San Benito,2021-01-19,150,2073,63,943,87,1130,0,0,124,1455,26,309,124,1764,California
San Benito,2021-01-20,260,2333,80,1023,180,1310,0,0,214,1624,45,354,214,1978,California
San Benito,2021-01-21,124,2457,31,1054,93,1403,0,0,100,1700,24,378,100,2078,California
San Benito,2021-01-22,230,2687,19,1073,211,1614,0,0,220,1910,10,388,220,2298,California
San Benito,2021-01-23,30,2717,16,1089,14,1628,0,0,13,1906,17,405,13,2311,California
San Benito,2021-01-24,11,2728,3,1092,8,1636,0,0,7,1909,4,409,7,2318,California
San Benito,2021-01-25,67,2795,25,1117,42,1678,0,0,22,1886,45,454,22,2340,California
San Benito,2021-01-26,134,2929,41,1158,93,1771,0,0,81,1914,53,507,81,2421,California
San Benito,2021-01-27,230,3159,69,1227,161,1932,0,0,190,2064,40,547,190,2611,California
San Benito,2021-01-28,156,3315,32,1259,124,2056,0,0,124,2157,31,578,124,2735,California
San Benito,2021-01-29,284,3599,32,1291,252,2308,0,0,260,2394,23,601,260,2995,California
San Benito,2021-01-30,49,3648,31,1322,18,2326,0,0,27,2399,22,623,27,3022,California
San Benito,2021-01-31,17,3665,5,1327,12,2338,0,0,12,2406,5,628,12,3034,California
San Benito,2021-02-01,133,3798,28,1355,105,2443,0,0,89,2451,44,672,89,3123,California
San Benito,2021-02-02,224,4022,48,1403,176,2619,0,0,134,2495,90,762,134,3257,California
San Benito,2021-02-03,336,4358,42,1445,294,2913,0,0,272,2703,64,826,272,3529,California
San Benito,2021-02-04,160,4518,24,1469,136,3049,0,0,116,2775,44,870,116,3645,California
San Benito,2021-02-05,290,4808,40,1509,250,3299,0,0,227,2939,63,933,227,3872,California
San Benito,2021-02-06,49,4857,9,1518,40,3339,0,0,32,2954,17,950,32,3904,California
San Benito,2021-02-07,15,4872,7,1525,8,3347,0,0,14,2967,1,951,14,3918,California
San Benito,2021-02-08,137,5009,15,1540,122,3469,0,0,91,3012,46,997,91,4009,California
San Benito,2021-02-09,326,5335,64,1604,262,3731,0,0,195,3076,131,1128,195,4204,California
San Benito,2021-02-10,318,5653,88,1692,230,3961,0,0,124,3006,194,1322,124,4328,California
San Benito,2021-02-11,295,5948,31,1723,264,4225,0,0,197,3105,98,1420,197,4525,California
San Benito,2021-02-12,411,6359,30,1753,381,4606,0,0,207,3109,203,1623,207,4732,California
San Benito,2021-02-13,57,6416,8,1761,49,4655,0,0,43,3138,14,1637,43,4775,California
San Benito,2021-02-14,40,6456,5,1766,35,4690,0,0,30,3158,10,1647,30,4805,California
San Benito,2021-02-15,106,6562,9,1775,97,4787,0,0,95,3242,11,1658,95,4900,California
San Benito,2021-02-16,202,6764,11,1786,191,4978,0,0,101,3242,101,1759,101,5001,California
San Benito,2021-02-17,327,7091,30,1816,297,5275,0,0,279,3473,48,1807,279,5280,California
San Benito,2021-02-18,291,7382,38,1854,253,5528,0,0,70,3322,221,2028,70,5350,California
San Benito,2021-02-19,324,7706,45,1899,279,5807,0,0,158,3314,166,2194,158,5508,California
San Benito,2021-02-20,45,7751,26,1925,19,5826,0,0,36,3341,9,2203,36,5544,California
San Benito,2021-02-21,23,7774,8,1933,15,5841,0,0,14,3346,9,2212,14,5558,California
San Benito,2021-02-22,131,7905,36,1969,95,5936,0,0,97,3410,33,2245,97,5655,California
San Benito,2021-02-23,374,8279,92,2061,282,6218,0,0,263,3562,111,2356,263,5918,California
San Benito,2021-02-24,373,8652,63,2124,310,6528,0,0,235,3659,138,2494,235,6153,California
San Benito,2021-02-25,391,9043,63,2187,328,6856,0,0,270,3806,123,2617,270,6423,California
San Benito,2021-02-26,640,9683,73,2260,567,7423,0,0,398,3962,242,2859,398,6821,California
San Benito,2021-02-27,98,9781,36,2296,62,7485,0,0,83,4030,15,2874,83,6904,California
San Benito,2021-02-28,247,10028,23,2319,224,7709,0,0,238,4259,9,2883,238,7142,California
San Benito,2021-03-01,224,10252,59,2378,165,7874,0,0,155,4344,70,2953,155,7297,California
San Benito,2021-03-02,257,10509,76,2454,181,8055,0,0,188,4463,69,3022,188,7485,California
San Benito,2021-03-03,383,10892,55,2509,328,8383,0,0,209,4500,172,3194,209,7694,California
San Benito,2021-03-04,607,11499,123,2632,469,8852,15,15,429,4755,178,3372,433,8127,California
San Benito,2021-03-05,582,12081,305,2937,264,9116,13,28,373,4933,208,3580,386,8513,California
San Benito,2021-03-06,188,12269,65,3002,109,9225,14,42,137,5033,51,3631,151,8664,California
San Benito,2021-03-07,646,12915,602,3604,22,9247,22,64,614,5637,32,3663,636,9300,California
San Benito,2021-03-08,286,13201,65,3669,175,9422,46,110,166,5729,120,3783,212,9512,California
San Benito,2021-03-09,418,13619,85,3754,235,9657,98,208,135,5653,282,4065,206,9718,California
San Benito,2021-03-10,401,14020,114,3868,193,9850,94,302,232,5810,169,4234,326,10044,California
San Benito,2021-03-11,467,14487,119,3987,196,10046,152,454,207,5909,260,4494,359,10403,California
San Benito,2021-03-12,508,14995,117,4104,297,10343,94,548,229,5956,277,4771,324,10727,California
San Benito,2021-03-13,201,15196,102,4206,81,10424,18,566,128,6031,71,4842,146,10873,California
San Benito,2021-03-14,232,15428,40,4246,172,10596,20,586,180,6180,51,4893,200,11073,California
San Benito,2021-03-15,323,15751,99,4345,205,10801,19,605,189,6254,134,5027,208,11281,California
San Benito,2021-03-16,481,16232,217,4562,233,11034,31,636,341,6485,140,5167,371,11652,California
San Benito,2021-03-17,777,17009,475,5037,280,11314,22,658,556,6838,217,5384,570,12222,California
San Benito,2021-03-18,781,17790,524,5561,201,11515,56,714,569,7244,210,5594,616,12838,California
San Benito,2021-03-19,775,18565,402,5963,350,11865,23,737,592,7676,183,5777,615,13453,California
San Benito,2021-03-20,234,18799,145,6108,77,11942,12,749,178,7810,56,5833,190,13643,California
San Benito,2021-03-21,105,18904,54,6162,46,11988,5,754,78,7866,27,5860,83,13726,California
San Benito,2021-03-22,327,19231,169,6331,133,12121,25,779,225,8014,102,5962,250,13976,California
San Benito,2021-03-23,476,19707,199,6530,267,12388,10,789,223,7993,253,6215,232,14208,California
San Benito,2021-03-24,561,20268,306,6836,248,12636,7,796,360,8158,201,6416,366,14574,California
San Benito,2021-03-25,711,20979,413,7249,294,12930,4,800,417,8287,292,6708,421,14995,California
San Benito,2021-03-26,995,21974,517,7766,475,13405,3,803,328,7952,666,7374,331,15326,California
San Benito,2021-03-27,327,22301,181,7947,113,13518,33,836,211,8081,115,7489,244,15570,California
San Benito,2021-03-28,691,22992,571,8518,115,13633,5,841,127,7649,564,8053,132,15702,California
San Benito,2021-03-29,347,23339,112,8630,215,13848,20,861,152,7625,195,8248,171,15873,California
San Benito,2021-03-30,566,23905,265,8895,210,14058,91,952,287,7724,279,8527,378,16251,California
San Benito,2021-03-31,577,24482,354,9249,199,14257,24,976,332,7837,243,8770,356,16607,California
San Benito,2021-04-01,928,25410,374,9623,517,14774,37,1013,555,8051,372,9142,586,17193,California
San Benito,2021-04-02,536,25946,261,9884,140,14914,135,1148,264,8178,272,9414,399,17592,California
San Benito,2021-04-03,252,26198,89,9973,104,15018,59,1207,78,8141,174,9588,137,17729,California
San Benito,2021-04-04,146,26344,110,10083,30,15048,6,1213,108,8217,38,9626,114,17843,California
San Benito,2021-04-05,349,26693,170,10253,138,15186,41,1254,142,8192,207,9833,182,18025,California
San Benito,2021-04-06,445,27138,158,10411,121,15307,166,1420,162,8237,283,10116,328,18353,California
San Benito,2021-04-07,888,28026,520,10931,213,15520,155,1575,255,8015,632,10748,410,18763,California
San Benito,2021-04-08,821,28847,420,11351,171,15691,230,1805,210,7845,610,11358,440,19203,California
San Benito,2021-04-09,836,29683,497,11848,249,15940,90,1895,303,7706,532,11890,393,19596,California
San Benito,2021-04-10,342,30025,215,12063,71,16011,56,1951,195,7810,147,12037,251,19847,California
San Benito,2021-04-11,459,30484,261,12324,167,16178,31,1982,236,7853,223,12260,266,20113,California
San Benito,2021-04-12,521,31005,283,12607,129,16307,109,2091,273,7986,247,12507,380,20493,California
San Benito,2021-04-13,768,31773,307,12914,438,16745,23,2114,545,8332,222,12729,568,21061,California
San Benito,2021-04-14,695,32468,534,13448,161,16906,0,2114,353,8349,337,13066,354,21415,California
San Benito,2021-04-15,826,33294,635,14083,190,17096,1,2115,377,8303,448,13514,402,21817,California
San Benito,2021-04-16,282,33576,147,14230,126,17222,9,2124,133,8297,148,13662,142,21959,California
San Bernardino,2020-12-15,13,13,13,13,0,0,0,0,13,13,0,0,13,13,California
San Bernardino,2020-12-16,107,120,107,120,0,0,0,0,107,120,0,0,107,120,California
San Bernardino,2020-12-17,2350,2470,2350,2470,0,0,0,0,2350,2470,0,0,2350,2470,California
San Bernardino,2020-12-18,3142,5612,3139,5609,3,3,0,0,3143,5613,0,0,3143,5613,California
San Bernardino,2020-12-19,1066,6678,1065,6674,1,4,0,0,1067,6680,0,0,1067,6680,California
San Bernardino,2020-12-20,1174,7852,1172,7846,2,6,0,0,1174,7854,0,0,1174,7854,California
San Bernardino,2020-12-21,2452,10304,2447,10293,5,11,0,0,2452,10306,0,0,2452,10306,California
San Bernardino,2020-12-22,2268,12572,2142,12435,126,137,0,0,2269,12575,0,0,2269,12575,California
San Bernardino,2020-12-23,2646,15218,1454,13889,1192,1329,0,0,2645,15220,0,0,2645,15220,California
San Bernardino,2020-12-24,1159,16377,585,14474,574,1903,0,0,1161,16381,0,0,1161,16381,California
San Bernardino,2020-12-25,74,16451,14,14488,60,1963,0,0,74,16455,0,0,74,16455,California
San Bernardino,2020-12-26,461,16912,253,14741,208,2171,0,0,461,16916,0,0,461,16916,California
San Bernardino,2020-12-27,343,17255,160,14901,183,2354,0,0,343,17259,0,0,343,17259,California
San Bernardino,2020-12-28,1560,18815,709,15610,851,3205,0,0,1561,18820,0,0,1561,18820,California
San Bernardino,2020-12-29,2210,21025,1042,16652,1168,4373,0,0,2209,21028,1,1,2209,21029,California
San Bernardino,2020-12-30,2890,23915,1460,18112,1430,5803,0,0,2891,23919,0,1,2891,23920,California
San Bernardino,2020-12-31,1356,25271,440,18552,916,6719,0,0,1354,25273,0,1,1354,25274,California
San Bernardino,2021-01-01,279,25550,149,18701,130,6849,0,0,278,25551,0,1,278,25552,California
San Bernardino,2021-01-02,474,26024,338,19039,136,6985,0,0,474,26025,0,1,474,26026,California
San Bernardino,2021-01-03,135,26159,85,19124,50,7035,0,0,135,26160,0,1,135,26161,California
San Bernardino,2021-01-04,2116,28275,1285,20409,831,7866,0,0,2115,28275,0,1,2115,28276,California
San Bernardino,2021-01-05,2325,30600,1455,21864,870,8736,0,0,2215,30381,109,110,2215,30491,California
San Bernardino,2021-01-06,3425,34025,2354,24218,1071,9807,0,0,2932,32827,487,597,2933,33424,California
San Bernardino,2021-01-07,5405,39430,4499,28717,906,10713,0,0,2475,32391,2911,3508,2475,35899,California
San Bernardino,2021-01-08,5357,44787,4440,33157,917,11630,0,0,2284,31609,3067,6575,2285,38184,California
San Bernardino,2021-01-09,1402,46189,1103,34260,299,11929,0,0,905,32017,497,7072,905,39089,California
San Bernardino,2021-01-10,1020,47209,598,34858,422,12351,0,0,573,32143,447,7519,573,39662,California
San Bernardino,2021-01-11,4980,52189,4078,38936,902,13253,0,0,2766,32698,2211,9730,2766,42428,California
San Bernardino,2021-01-12,4229,56418,3220,42156,1009,14262,0,0,2515,33500,1713,11443,2515,44943,California
San Bernardino,2021-01-13,4550,60968,2848,45004,1702,15964,0,0,3326,35616,1211,12654,3327,48270,California
San Bernardino,2021-01-14,4741,65709,2773,47777,1968,17932,0,0,4159,39197,578,13232,4159,52429,California
San Bernardino,2021-01-15,5978,71687,2972,50749,3006,20938,0,0,5583,44398,385,13617,5586,58015,California
San Bernardino,2021-01-16,2258,73945,1293,52042,965,21903,0,0,2117,46374,141,13758,2117,60132,California
San Bernardino,2021-01-17,1188,75133,515,52557,673,22576,0,0,1098,47385,89,13847,1100,61232,California
San Bernardino,2021-01-18,4262,79395,2636,55193,1626,24202,0,0,3644,50414,617,14464,3646,64878,California
San Bernardino,2021-01-19,6296,85691,3706,58899,2590,26792,0,0,5207,54536,1087,15551,5209,70087,California
San Bernardino,2021-01-20,6802,92493,3731,62630,3071,29863,0,0,4873,57490,1921,17472,4875,74962,California
San Bernardino,2021-01-21,5979,98472,3073,65703,2906,32769,0,0,4865,61252,1105,18577,4867,79829,California
San Bernardino,2021-01-22,6498,104970,3034,68737,3464,36233,0,0,5777,66311,719,19296,5778,85607,California
San Bernardino,2021-01-23,3099,108069,1885,70622,1214,37447,0,0,2712,68637,386,19682,2712,88319,California
San Bernardino,2021-01-24,1191,109260,460,71082,731,38178,0,0,1091,69628,100,19782,1091,89410,California
San Bernardino,2021-01-25,6860,116120,3395,74477,3465,41643,0,0,5016,72805,1842,21624,5019,94429,California
San Bernardino,2021-01-26,7098,123218,3562,78039,3536,45179,0,0,5008,75723,2090,23714,5008,99437,California
San Bernardino,2021-01-27,8287,131505,4119,82158,4168,49347,0,0,5590,78628,2688,26402,5593,105030,California
San Bernardino,2021-01-28,8550,140055,4055,86213,4495,53842,0,0,6239,82566,2307,28709,6245,111275,California
San Bernardino,2021-01-29,8136,148191,3736,89949,4400,58242,0,0,6187,86818,1936,30645,6188,117463,California
San Bernardino,2021-01-30,3081,151272,1894,91843,1187,59429,0,0,2797,89332,283,30928,2797,120260,California
San Bernardino,2021-01-31,922,152194,492,92335,430,59859,0,0,868,90147,53,30981,868,121128,California
San Bernardino,2021-02-01,7528,159722,4226,96561,3302,63161,0,0,4911,92444,2614,33595,4911,126039,California
San Bernardino,2021-02-02,10367,170089,3646,100207,6721,69882,0,0,8319,98719,2045,35640,8320,134359,California
San Bernardino,2021-02-03,8962,179051,4144,104351,4818,74700,0,0,6481,102728,2473,38113,6482,140841,California
San Bernardino,2021-02-04,10507,189558,5199,109550,5308,80008,0,0,7442,107116,3054,41167,7442,148283,California
San Bernardino,2021-02-05,10963,200521,5907,115457,5056,85064,0,0,7447,111059,3505,44672,7448,155731,California
San Bernardino,2021-02-06,5250,205771,2206,117663,3044,88108,0,0,3617,113071,1608,46280,3620,159351,California
San Bernardino,2021-02-07,844,206615,491,118154,353,88461,0,0,467,113165,374,46654,468,159819,California
San Bernardino,2021-02-08,7264,213879,3869,122023,3395,91856,0,0,5600,117105,1660,48314,5600,165419,California
San Bernardino,2021-02-09,9898,223777,5818,127841,4080,95936,0,0,6674,120561,3221,51535,6677,172096,California
San Bernardino,2021-02-10,11994,235771,6531,134372,5463,101399,0,0,7838,124255,4145,55680,7839,179935,California
San Bernardino,2021-02-11,12241,248012,7041,141413,5200,106599,0,0,7811,127661,4408,60088,7814,187749,California
San Bernardino,2021-02-12,10334,258346,5917,147330,4417,111016,0,0,5682,128705,4638,64726,5682,193431,California
San Bernardino,2021-02-13,6003,264349,3989,151319,2014,113030,0,0,3766,130255,2221,66947,3771,197202,California
San Bernardino,2021-02-14,1546,265895,648,151967,898,113928,0,0,870,130457,668,67615,870,198072,California
San Bernardino,2021-02-15,5455,271350,2995,154962,2460,116388,0,0,3057,131130,2384,69999,3057,201129,California
San Bernardino,2021-02-16,12575,283925,7372,162334,5203,121591,0,0,7967,134504,4595,74594,7969,209098,California
San Bernardino,2021-02-17,11773,295698,6452,168786,5321,126912,0,0,7161,137069,4597,79191,7162,216260,California
San Bernardino,2021-02-18,12447,308145,7582,176368,4865,131777,0,0,7709,140055,4724,83915,7710,223970,California
San Bernardino,2021-02-19,11465,319610,5901,182269,5564,137341,0,0,6784,142176,4663,88578,6784,230754,California
San Bernardino,2021-02-20,4490,324100,3448,185717,1042,138383,0,0,2040,141769,2448,91026,2041,232795,California
San Bernardino,2021-02-21,1018,325118,561,186278,457,138840,0,0,320,141394,695,91721,320,233115,California
San Bernardino,2021-02-22,8489,333607,5196,191474,3293,142133,0,0,4023,140963,4455,96176,4024,237139,California
San Bernardino,2021-02-23,8831,342438,5184,196658,3647,145780,0,0,4527,141217,4273,100449,4527,241666,California
San Bernardino,2021-02-24,11990,354428,6845,203503,5145,150925,0,0,6058,141369,5907,106356,6059,247725,California
San Bernardino,2021-02-25,12892,367320,6248,209751,6644,157569,0,0,7513,143522,5363,111719,7516,255241,California
San Bernardino,2021-02-26,13325,380645,6373,216124,6952,164521,0,0,7494,145246,5771,117490,7495,262736,California
San Bernardino,2021-02-27,6599,387244,3667,219791,2931,167452,1,1,4780,148217,1810,119300,4781,267517,California
San Bernardino,2021-02-28,1733,388977,708,220499,1025,168477,0,1,1121,148731,607,119907,1121,268638,California
San Bernardino,2021-03-01,8361,397338,4306,224805,4054,172531,1,2,3821,148041,4519,124426,3829,272467,California
San Bernardino,2021-03-02,13503,410841,5327,230132,8176,180707,0,2,6422,147412,7054,131480,6425,278892,California
San Bernardino,2021-03-03,12462,423303,6323,236455,6138,186845,1,3,5755,146482,6691,138171,5761,284653,California
San Bernardino,2021-03-04,12742,436045,6478,242933,6264,193109,0,3,5768,145296,6956,145127,5770,290423,California
San Bernardino,2021-03-05,13346,449391,6712,249645,6633,199742,1,4,6782,145559,6537,151664,6800,297223,California
San Bernardino,2021-03-06,9496,458887,5263,254908,4018,203760,215,219,4425,145141,5057,156721,4639,301862,California
San Bernardino,2021-03-07,1568,460455,926,255834,587,204347,55,274,998,145626,568,157289,1053,302915,California
San Bernardino,2021-03-08,7239,467694,3103,258937,3975,208322,161,435,3464,145482,3770,161059,3626,306541,California
San Bernardino,2021-03-09,11917,479611,6551,265488,5130,213452,236,671,4785,143386,7118,168177,5022,311563,California
San Bernardino,2021-03-10,13300,492911,7251,272739,5657,219109,392,1063,6149,142808,7125,175302,6547,318110,California
San Bernardino,2021-03-11,13703,506614,6470,279209,6434,225543,799,1862,7192,144309,6491,181793,7992,326102,California
San Bernardino,2021-03-12,15196,521810,6775,285984,6407,231950,2014,3876,7262,145724,7907,189700,9322,335424,California
San Bernardino,2021-03-13,8239,530049,4485,290469,3254,235204,500,4376,4892,147779,3338,193038,5393,340817,California
San Bernardino,2021-03-14,3196,533245,1600,292069,1029,236233,567,4943,1829,148810,1361,194399,2392,343209,California
San Bernardino,2021-03-15,11252,544497,5304,297373,3949,240182,1999,6942,5524,150611,5720,200119,7521,350730,California
San Bernardino,2021-03-16,15963,560460,7884,305257,7137,247319,942,7884,9742,155093,6199,206318,10681,361411,California
San Bernardino,2021-03-17,16801,577261,8444,313701,7610,254929,747,8631,10115,159285,6671,212989,10863,372274,California
San Bernardino,2021-03-18,16231,593492,8050,321751,7797,262726,384,9015,9541,162548,6663,219652,9926,382200,California
San Bernardino,2021-03-19,16633,610125,8190,329941,7859,270585,584,9599,9535,165647,7074,226726,10173,392373,California
San Bernardino,2021-03-20,9341,619466,5886,335827,2873,273458,582,10181,5545,168001,3771,230497,6125,398498,California
San Bernardino,2021-03-21,2735,622201,2232,338059,456,273914,47,10228,2215,169754,509,231006,2262,400760,California
San Bernardino,2021-03-22,9551,631752,4490,342549,4628,278542,433,10661,6939,174531,2596,233602,7373,408133,California
San Bernardino,2021-03-23,15281,647033,8666,351215,5995,284537,620,11281,9549,178985,5713,239315,10167,418300,California
San Bernardino,2021-03-24,14850,661883,7709,358924,6843,291380,298,11579,9915,184294,4905,244220,10214,428514,California
San Bernardino,2021-03-25,16618,678501,8173,367097,8156,299536,289,11868,10573,189150,6003,250223,10859,439373,California
San Bernardino,2021-03-26,17785,696286,8545,375642,8483,308019,757,12625,10854,193859,6903,257126,11612,450985,California
San Bernardino,2021-03-27,10651,706937,6859,382501,3045,311064,747,13372,6108,196187,4527,261653,6855,457840,California
San Bernardino,2021-03-28,3515,710452,2471,384972,933,311997,111,13483,2480,197748,1029,262682,2590,460430,California
San Bernardino,2021-03-29,11247,721699,5934,390906,4915,316912,398,13881,7633,202178,3600,266282,8030,468460,California
San Bernardino,2021-03-30,16719,738418,9385,400291,6628,323540,706,14587,10800,207792,5888,272170,11502,479962,California
San Bernardino,2021-03-31,16108,754526,9113,409404,6390,329930,605,15192,10886,214081,5200,277370,11489,491451,California
San Bernardino,2021-04-01,19360,773886,10248,419652,7767,337697,1345,16537,12661,221412,6672,284042,14003,505454,California
San Bernardino,2021-04-02,18312,792198,9137,428789,7908,345605,1267,17804,11089,226612,7196,291238,12396,517850,California
San Bernardino,2021-04-03,10838,803036,6768,435557,2949,348554,1121,18925,5943,228789,4884,296122,7061,524911,California
San Bernardino,2021-04-04,2409,805445,1450,437007,716,349270,243,19168,1225,229075,1182,297304,1468,526379,California
San Bernardino,2021-04-05,11631,817076,5241,442248,4676,353946,1714,20882,6035,231243,5577,302881,7745,534124,California
San Bernardino,2021-04-06,19566,836642,11003,453251,6483,360429,2080,22962,10456,234702,9075,311956,12534,546658,California
San Bernardino,2021-04-07,20764,857406,11147,464398,7193,367622,2424,25386,11447,239275,9288,321244,13861,560519,California
San Bernardino,2021-04-08,21496,878902,11026,475424,7922,375544,2548,27934,11958,244266,9510,330754,14501,575020,California
San Bernardino,2021-04-09,20469,899371,10120,485544,7936,383480,2413,30347,11217,248668,9221,339975,13623,588643,California
San Bernardino,2021-04-10,15101,914472,7749,493293,3778,387258,3574,33921,7485,252122,7597,347572,11051,599694,California
San Bernardino,2021-04-11,4302,918774,2531,495824,881,388139,890,34811,2000,252714,2297,349869,2889,602583,California
San Bernardino,2021-04-12,12607,931381,5725,501549,5369,393508,1513,36324,5937,253510,6652,356521,7448,610031,California
San Bernardino,2021-04-13,18471,949852,10452,512001,8000,401508,19,36343,10457,255989,7995,364516,10474,620505,California
San Bernardino,2021-04-14,16503,966355,8993,520994,7507,409015,3,36346,9555,258625,6924,371440,9560,630065,California
San Bernardino,2021-04-15,16479,982834,9313,530307,7163,416178,3,36349,9036,260284,7418,378858,9077,639142,California
San Bernardino,2021-04-16,10857,993691,7157,537464,3700,419878,0,36349,5889,261226,4951,383809,5893,645035,California
San Diego,2020-12-15,119,119,119,119,0,0,0,0,119,119,0,0,119,119,California
San Diego,2020-12-16,1101,1220,1101,1220,0,0,0,0,1101,1220,0,0,1101,1220,California
San Diego,2020-12-17,2348,3568,2348,3568,0,0,0,0,2348,3568,0,0,2348,3568,California
San Diego,2020-12-18,3671,7239,3670,7238,1,1,0,0,3671,7239,0,0,3671,7239,California
San Diego,2020-12-19,2310,9549,2310,9548,0,1,0,0,2310,9549,0,0,2310,9549,California
San Diego,2020-12-20,1184,10733,1183,10731,1,2,0,0,1184,10733,0,0,1184,10733,California
San Diego,2020-12-21,3521,14254,3520,14251,1,3,0,0,3521,14254,0,0,3521,14254,California
San Diego,2020-12-22,4054,18308,3411,17662,643,646,0,0,4054,18308,0,0,4054,18308,California
San Diego,2020-12-23,3178,21486,1976,19638,1202,1848,0,0,3178,21486,0,0,3178,21486,California
San Diego,2020-12-24,2733,24219,2217,21855,516,2364,0,0,2733,24219,0,0,2733,24219,California
San Diego,2020-12-25,874,25093,873,22728,1,2365,0,0,874,25093,0,0,874,25093,California
San Diego,2020-12-26,3294,28387,2143,24871,1151,3516,0,0,3294,28387,0,0,3294,28387,California
San Diego,2020-12-27,2507,30894,1617,26488,890,4406,0,0,2506,30892,1,1,2506,30893,California
San Diego,2020-12-28,5900,36794,4213,30701,1687,6093,0,0,5900,36792,0,1,5900,36793,California
San Diego,2020-12-29,5588,42382,3014,33715,2574,8667,0,0,5588,42380,0,1,5588,42381,California
San Diego,2020-12-30,5943,48325,3099,36814,2844,11511,0,0,5943,48323,0,1,5943,48324,California
San Diego,2020-12-31,2983,51308,1004,37818,1979,13490,0,0,2983,51306,0,1,2983,51307,California
San Diego,2021-01-01,1006,52314,452,38270,554,14044,0,0,1005,52311,0,1,1005,52312,California
San Diego,2021-01-02,3762,56076,1321,39591,2441,16485,0,0,3762,56073,0,1,3762,56074,California
San Diego,2021-01-03,859,56935,632,40223,227,16712,0,0,858,56931,0,1,858,56932,California
San Diego,2021-01-04,3703,60638,2052,42275,1651,18363,0,0,3696,60627,0,1,3696,60628,California
San Diego,2021-01-05,4310,64948,2122,44397,2188,20551,0,0,3693,63720,613,614,3706,64334,California
San Diego,2021-01-06,4948,69896,2300,46697,2648,23199,0,0,3713,66225,1212,1826,3717,68051,California
San Diego,2021-01-07,5606,75502,2980,49677,2626,25825,0,0,3451,67534,2148,3974,3457,71508,California
San Diego,2021-01-08,7721,83223,4959,54636,2762,28587,0,0,3935,67715,3769,7743,3950,75458,California
San Diego,2021-01-09,2955,86178,1554,56190,1401,29988,0,0,1787,68352,1158,8901,1795,77253,California
San Diego,2021-01-10,1881,88059,1292,57482,589,30577,0,0,780,68051,1089,9990,788,78041,California
San Diego,2021-01-11,10323,98382,5858,63340,4465,35042,0,0,6798,71345,3518,13508,6812,84853,California
San Diego,2021-01-12,11202,109584,5317,68657,5885,40927,0,0,7830,75925,3363,16871,7943,92796,California
San Diego,2021-01-13,11477,121061,5023,73680,6454,47381,0,0,8932,82348,2532,19403,8955,101751,California
San Diego,2021-01-14,12361,133422,4750,78430,7611,54992,0,0,10195,90420,2157,21560,10229,111980,California
San Diego,2021-01-15,15118,148540,5353,83783,9765,64757,0,0,12475,100323,2624,24184,12527,124507,California
San Diego,2021-01-16,10766,159306,3594,87377,7172,71929,0,0,9321,108235,1440,25624,9352,133859,California
San Diego,2021-01-17,8682,167988,2499,89876,6183,78112,0,0,7844,115259,838,26462,7862,141721,California
San Diego,2021-01-18,12498,180486,5942,95818,6556,84668,0,0,9668,122190,2791,29253,9722,151443,California
San Diego,2021-01-19,14750,195236,5823,101641,8927,93595,0,0,11624,130960,3112,32365,11882,163325,California
San Diego,2021-01-20,18324,213560,6385,108026,11939,105534,0,0,15034,142894,3271,35636,15205,178530,California
San Diego,2021-01-21,17402,230962,5898,113924,11504,117038,0,0,16012,157673,1379,37015,16158,194688,California
San Diego,2021-01-22,17676,248638,4754,118678,12922,129960,0,0,15622,171350,2041,39056,15718,210406,California
San Diego,2021-01-23,14475,263113,5270,123948,9205,139165,0,0,12113,181170,2349,41405,12169,222575,California
San Diego,2021-01-24,11912,275025,3358,127306,8554,147719,0,0,10937,191168,973,42378,10971,233546,California
San Diego,2021-01-25,12220,287245,5749,133055,6471,154190,0,0,9210,197526,3003,45381,9361,242907,California
San Diego,2021-01-26,14937,302182,7642,140697,7295,161485,0,0,11663,206106,3269,48650,11849,254756,California
San Diego,2021-01-27,20758,322940,8123,148820,12635,174120,0,0,17674,220843,3070,51720,17807,272563,California
San Diego,2021-01-28,21259,344199,7605,156425,13654,187774,0,0,19001,237672,2248,53968,19077,291640,California
San Diego,2021-01-29,19695,363894,6457,162882,13238,201012,0,0,17275,252579,2410,56378,17317,308957,California
San Diego,2021-01-30,15899,379793,3667,166549,12232,213244,0,0,13220,263227,2669,59047,13317,322274,California
San Diego,2021-01-31,14790,394583,5752,172301,9038,222282,0,0,14434,277334,352,59399,14459,336733,California
San Diego,2021-02-01,20518,415101,7233,179534,13285,235567,0,0,17329,291564,3175,62574,17405,354138,California
San Diego,2021-02-02,23199,438300,8691,188225,14508,250075,0,0,19668,307879,3521,66095,19836,373974,California
San Diego,2021-02-03,27447,465747,11561,199786,15886,265961,0,0,23275,327179,4154,70249,23454,397428,California
San Diego,2021-02-04,24374,490121,10026,209812,14348,280309,0,0,19676,342454,4681,74930,19956,417384,California
San Diego,2021-02-05,24997,515118,8961,218773,16036,296345,0,0,18452,354873,6522,81452,18941,436325,California
San Diego,2021-02-06,20769,535887,8547,227320,12222,308567,0,0,17574,369481,3189,84641,17797,454122,California
San Diego,2021-02-07,12127,548014,5375,232695,6752,315319,0,0,10262,378151,1845,86486,10515,464637,California
San Diego,2021-02-08,20098,568112,8520,241215,11578,326897,0,0,12688,384132,7394,93880,13375,478012,California
San Diego,2021-02-09,20390,588502,8237,249452,12153,339050,0,0,13195,391219,7175,101055,14262,492274,California
San Diego,2021-02-10,22986,611488,9359,258811,13627,352677,0,0,13884,397402,9058,110113,15241,507515,California
San Diego,2021-02-11,23778,635266,10141,268952,13637,366314,0,0,12735,400794,11017,121130,14409,521924,California
San Diego,2021-02-12,23833,659099,7457,276409,16376,382690,0,0,11921,403070,11895,133025,14171,536095,California
San Diego,2021-02-13,20020,679119,9012,285421,11008,393698,0,0,10895,406041,9117,142142,12088,548183,California
San Diego,2021-02-14,11187,690306,7431,292852,3756,397454,0,0,6337,409190,4846,146988,7995,556178,California
San Diego,2021-02-15,15187,705493,7682,300534,7505,404959,0,0,7843,412856,7325,154313,10991,567169,California
San Diego,2021-02-16,19281,724774,11251,311785,8030,412989,0,0,9234,415419,10036,164349,12599,579768,California
San Diego,2021-02-17,23390,748164,10979,322764,12411,425400,0,0,8149,411922,15232,179581,11735,591503,California
San Diego,2021-02-18,23570,771734,12018,334782,11552,436952,0,0,7798,408588,15766,195347,12432,603935,California
San Diego,2021-02-19,15904,787638,10918,345700,4986,441938,0,0,6631,408068,9253,204600,8733,612668,California
San Diego,2021-02-20,10259,797897,6362,352062,3897,445835,0,0,5819,411701,4437,209037,8070,620738,California
San Diego,2021-02-21,11526,809423,10115,362177,1411,447246,0,0,5201,412938,6300,215337,7537,628275,California
San Diego,2021-02-22,12440,821863,10579,372756,1861,449107,0,0,5803,414589,6632,221969,8283,636558,California
San Diego,2021-02-23,25907,847770,14525,387281,11382,460489,0,0,9677,415002,16225,238194,16638,653196,California
San Diego,2021-02-24,28950,876720,12761,400042,16189,476678,0,0,6871,408411,22061,260255,15470,668666,California
San Diego,2021-02-25,33180,909900,14705,414747,18475,495153,0,0,10168,405000,22993,283248,19582,688248,California
San Diego,2021-02-26,33445,943345,12390,427137,21055,516208,0,0,12170,403103,21250,304498,19353,707601,California
San Diego,2021-02-27,21238,964583,9673,436810,11565,527773,0,0,11456,409244,9777,314275,15918,723519,California
San Diego,2021-02-28,15236,979819,9938,446748,5298,533071,0,0,9492,416798,5742,320017,13296,736815,California
San Diego,2021-03-01,24154,1003973,14234,460982,9919,542990,1,1,14669,426854,9412,329429,19468,756283,California
San Diego,2021-03-02,26055,1030028,13982,474964,12073,555063,0,1,12721,433975,13328,342757,20449,776732,California
San Diego,2021-03-03,33948,1063976,15879,490843,18066,573129,3,4,14056,436053,19879,362636,21957,798689,California
San Diego,2021-03-04,28258,1092234,14056,504899,14202,587331,0,4,12640,440455,15599,378235,20001,818690,California
San Diego,2021-03-05,28876,1121110,14808,519707,13986,601317,82,86,13479,446239,15386,393621,21170,839860,California
San Diego,2021-03-06,23339,1144449,9511,529218,13125,614442,703,789,10299,449732,13034,406655,16527,856387,California
San Diego,2021-03-07,18196,1162645,9292,538510,8334,622776,570,1359,6914,451428,11277,417932,12973,869360,California
San Diego,2021-03-08,23015,1185660,11163,549673,10953,633729,899,2258,11420,457088,11584,429516,17244,886604,California
San Diego,2021-03-09,25787,1211447,11935,561608,12099,645828,1753,4011,10062,459292,15713,445229,17917,904521,California
San Diego,2021-03-10,25206,1236653,10726,572334,12090,657918,2390,6401,9848,462082,15350,460579,18140,922661,California
San Diego,2021-03-11,28662,1265315,10988,583322,14077,671995,3597,9998,10013,462686,18630,479209,19234,941895,California
San Diego,2021-03-12,27069,1292384,9444,592766,14495,686490,3130,13128,9971,462237,17085,496294,16636,958531,California
San Diego,2021-03-13,25955,1318339,7287,600053,17065,703555,1603,14731,10062,462208,15890,512184,15861,974392,California
San Diego,2021-03-14,13695,1332034,5355,605408,7605,711160,735,15466,4782,461254,8908,521092,7954,982346,California
San Diego,2021-03-15,22002,1354036,10154,615562,11071,722231,777,16243,9058,463135,12930,534022,14811,997157,California
San Diego,2021-03-16,29881,1383917,15693,631255,13775,736006,413,16656,15647,470387,14215,548237,21467,1018624,California
San Diego,2021-03-17,26222,1410139,12141,643396,13372,749378,709,17365,16702,481100,9510,557747,20223,1038847,California
San Diego,2021-03-18,31377,1441516,17693,661089,12789,762167,895,18260,16959,489721,14400,572147,23021,1061868,California
San Diego,2021-03-19,30141,1471657,14289,675378,14875,777042,977,19237,19269,501043,10855,583002,22177,1084045,California
San Diego,2021-03-20,27763,1499420,8354,683732,17618,794660,1791,21028,21350,519678,6405,589407,25040,1109085,California
San Diego,2021-03-21,16478,1515898,12001,695733,3761,798421,716,21744,7691,523427,8779,598186,12528,1121613,California
San Diego,2021-03-22,22432,1538330,13095,708828,9096,807517,241,21985,14289,534493,8135,606321,19201,1140814,California
San Diego,2021-03-23,25902,1564232,13599,722427,12042,819559,261,22246,17122,547722,8767,615088,21996,1162810,California
San Diego,2021-03-24,29456,1593688,19701,742128,9392,828951,363,22609,17076,557866,12372,627460,22516,1185326,California
San Diego,2021-03-25,30211,1623899,18215,760343,11338,840289,658,23267,17935,568275,12267,639727,22676,1208002,California
San Diego,2021-03-26,32034,1655933,17872,778215,13615,853904,547,23814,17535,576845,14472,654199,23042,1231044,California
San Diego,2021-03-27,24943,1680876,10969,789184,13581,867485,393,24207,15248,585077,9679,663878,17911,1248955,California
San Diego,2021-03-28,14842,1695718,9171,798355,5615,873100,56,24263,9130,590030,5706,669584,10659,1259614,California
San Diego,2021-03-29,26500,1722218,12807,811162,13097,886197,596,24859,16358,601657,10135,679719,21762,1281376,California
San Diego,2021-03-30,33075,1755293,17837,828999,14470,900667,768,25627,21937,616508,11123,690842,25974,1307350,California
San Diego,2021-03-31,30077,1785370,18658,847657,10780,911447,639,26266,20463,629145,9594,700436,22231,1329581,California
San Diego,2021-04-01,33854,1819224,19937,867594,12567,924014,1350,27616,23000,645452,10832,711268,27139,1356720,California
San Diego,2021-04-02,35352,1854576,20577,888171,12230,936244,2545,30161,24053,662293,11281,722549,28122,1384842,California
San Diego,2021-04-03,30604,1885180,14376,902547,11752,947996,4476,34637,19654,677075,10939,733488,25721,1410563,California
San Diego,2021-04-04,8878,1894058,5056,907603,2924,950920,898,35535,4685,678730,4189,737677,5844,1416407,California
San Diego,2021-04-05,29568,1923626,15350,922953,11672,962592,2546,38081,19377,693275,10180,747857,24725,1441132,California
San Diego,2021-04-06,38490,1962116,20341,943294,12383,974975,5766,43847,22343,708473,16129,763986,31327,1472459,California
San Diego,2021-04-07,35403,1997519,21842,965136,9143,984118,4418,48265,20271,720819,15095,779081,27441,1499900,California
San Diego,2021-04-08,34816,2032335,21212,986348,9628,993746,3976,52241,21209,735551,13580,792661,28312,1528212,California
San Diego,2021-04-09,37392,2069727,22386,1008734,10030,1003776,4976,57217,20460,748239,16839,809500,29527,1557739,California
San Diego,2021-04-10,27994,2097721,11412,1020146,12655,1016431,3927,61144,14392,756819,13592,823092,22172,1579911,California
San Diego,2021-04-11,15232,2112953,9174,1029320,3849,1020280,2209,63353,7157,761064,8071,831163,12316,1592227,California
San Diego,2021-04-12,29425,2142378,11797,1041117,13366,1033646,4262,67615,16864,772525,12536,843699,23997,1616224,California
San Diego,2021-04-13,36690,2179068,17388,1058505,19268,1052914,34,67649,24527,789141,12148,855847,28764,1644988,California
San Diego,2021-04-14,32169,2211237,18261,1076766,13898,1066812,10,67659,17413,798581,14745,870592,24185,1669173,California
San Diego,2021-04-15,36007,2247244,17629,1094395,18376,1085188,2,67661,21303,809685,14692,885284,25796,1694969,California
San Diego,2021-04-16,15694,2262938,9779,1104174,5915,1091103,0,67661,11679,818599,4010,889294,12924,1707893,California
San Francisco,2020-12-15,7,7,7,7,0,0,0,0,7,7,0,0,7,7,California
San Francisco,2020-12-16,229,236,229,236,0,0,0,0,229,236,0,0,229,236,California
San Francisco,2020-12-17,395,631,395,631,0,0,0,0,395,631,0,0,395,631,California
San Francisco,2020-12-18,878,1509,877,1508,1,1,0,0,878,1509,0,0,878,1509,California
San Francisco,2020-12-19,601,2110,601,2109,0,1,0,0,601,2110,0,0,601,2110,California
San Francisco,2020-12-20,483,2593,483,2592,0,1,0,0,483,2593,0,0,483,2593,California
San Francisco,2020-12-21,1162,3755,1162,3754,0,1,0,0,1162,3755,0,0,1162,3755,California
San Francisco,2020-12-22,1399,5154,1365,5119,34,35,0,0,1399,5154,0,0,1399,5154,California
San Francisco,2020-12-23,1329,6483,1039,6158,290,325,0,0,1329,6483,0,0,1329,6483,California
San Francisco,2020-12-24,839,7322,503,6661,336,661,0,0,839,7322,0,0,839,7322,California
San Francisco,2020-12-25,33,7355,28,6689,5,666,0,0,33,7355,0,0,33,7355,California
San Francisco,2020-12-26,245,7600,151,6840,94,760,0,0,245,7600,0,0,245,7600,California
San Francisco,2020-12-27,273,7873,60,6900,213,973,0,0,273,7873,0,0,273,7873,California
San Francisco,2020-12-28,1269,9142,685,7585,584,1557,0,0,1269,9142,0,0,1269,9142,California
San Francisco,2020-12-29,1244,10386,621,8206,623,2180,0,0,1244,10386,0,0,1244,10386,California
San Francisco,2020-12-30,1482,11868,778,8984,704,2884,0,0,1482,11868,0,0,1482,11868,California
San Francisco,2020-12-31,964,12832,412,9396,552,3436,0,0,963,12831,0,0,963,12831,California
San Francisco,2021-01-01,69,12901,61,9457,8,3444,0,0,69,12900,0,0,69,12900,California
San Francisco,2021-01-02,333,13234,302,9759,31,3475,0,0,333,13233,0,0,333,13233,California
San Francisco,2021-01-03,293,13527,101,9860,192,3667,0,0,292,13524,1,1,292,13525,California
San Francisco,2021-01-04,1835,15362,1355,11215,480,4147,0,0,1832,15353,3,4,1832,15357,California
San Francisco,2021-01-05,2233,17595,1413,12628,820,4967,0,0,2198,17518,35,39,2200,17557,California
San Francisco,2021-01-06,1867,19462,1161,13789,706,5673,0,0,1602,18858,263,302,1603,19160,California
San Francisco,2021-01-07,2059,21521,1201,14990,858,6531,0,0,1603,20008,453,755,1603,20763,California
San Francisco,2021-01-08,2327,23848,1631,16621,696,7227,0,0,1489,20664,833,1588,1489,22252,California
San Francisco,2021-01-09,1386,25234,891,17512,495,7722,0,0,883,21046,503,2091,885,23137,California
San Francisco,2021-01-10,921,26155,542,18054,379,8101,0,0,461,21048,459,2550,461,23598,California
San Francisco,2021-01-11,2500,28655,1869,19923,631,8732,0,0,1401,21349,1100,3650,1401,24999,California
San Francisco,2021-01-12,3084,31739,2054,21977,1030,9762,0,0,1893,22052,1191,4841,1894,26893,California
San Francisco,2021-01-13,2816,34555,1598,23575,1218,10980,0,0,1989,23214,827,5668,1989,28882,California
San Francisco,2021-01-14,2431,36986,1095,24670,1336,12316,0,0,1872,24527,559,6227,1872,30754,California
San Francisco,2021-01-15,2736,39722,1144,25814,1592,13908,0,0,2345,26485,389,6616,2347,33101,California
San Francisco,2021-01-16,2250,41972,964,26778,1286,15194,0,0,2086,28407,164,6780,2086,35187,California
San Francisco,2021-01-17,1917,43889,531,27309,1386,16580,0,0,1702,29894,215,6995,1702,36889,California
San Francisco,2021-01-18,1372,45261,587,27896,785,17365,0,0,1110,30745,261,7256,1112,38001,California
San Francisco,2021-01-19,2568,47829,1470,29366,1098,18463,0,0,1823,31823,745,8001,1823,39824,California
San Francisco,2021-01-20,2699,50528,1083,30449,1616,20079,0,0,1952,33032,744,8745,1953,41777,California
San Francisco,2021-01-21,3286,53814,927,31376,2359,22438,0,0,2465,34678,819,9564,2465,44242,California
San Francisco,2021-01-22,3166,56980,632,32008,2534,24972,0,0,2724,36962,440,10004,2724,46966,California
San Francisco,2021-01-23,3089,60069,609,32617,2480,27452,0,0,2722,39319,366,10370,2723,49689,California
San Francisco,2021-01-24,2397,62466,335,32952,2062,29514,0,0,2170,41265,224,10594,2170,51859,California
San Francisco,2021-01-25,4574,67040,1777,34729,2797,32311,0,0,3032,42758,1540,12134,3033,54892,California
San Francisco,2021-01-26,4651,71691,2127,36856,2524,34835,0,0,3063,44238,1585,13719,3065,57957,California
San Francisco,2021-01-27,4416,76107,2072,38928,2344,37179,0,0,3068,45962,1344,15063,3068,61025,California
San Francisco,2021-01-28,3748,79855,1552,40480,2196,39375,0,0,2588,47395,1155,16218,2588,63613,California
San Francisco,2021-01-29,4710,84565,1677,42157,3033,42408,0,0,3444,49580,1259,17477,3444,67057,California
San Francisco,2021-01-30,3722,88287,1792,43949,1930,44338,0,0,3278,52418,443,17920,3281,70338,California
San Francisco,2021-01-31,2345,90632,820,44769,1525,45863,0,0,2194,54463,150,18070,2195,72533,California
San Francisco,2021-02-01,3776,94408,1516,46285,2260,48123,0,0,2880,56448,896,18966,2881,75414,California
San Francisco,2021-02-02,4640,99048,1958,48243,2682,50805,0,0,2876,57566,1758,20724,2876,78290,California
San Francisco,2021-02-03,5054,104102,2369,50612,2685,53490,0,0,3752,60020,1299,22023,3753,82043,California
San Francisco,2021-02-04,5014,109116,2431,53043,2583,56073,0,0,3852,62712,1160,23183,3852,85895,California
San Francisco,2021-02-05,5912,115028,3190,56233,2722,58795,0,0,4577,65958,1332,24515,4578,90473,California
San Francisco,2021-02-06,5466,120494,3649,59882,1817,60612,0,0,4567,69629,897,25412,4568,95041,California
San Francisco,2021-02-07,4321,124815,3171,63053,1150,61762,0,0,3745,72802,575,25987,3748,98789,California
San Francisco,2021-02-08,6678,131493,4599,67652,2079,63841,0,0,5474,77091,1187,27174,5476,104265,California
San Francisco,2021-02-09,5910,137403,3983,71635,1927,65768,0,0,4360,79905,1547,28721,4361,108626,California
San Francisco,2021-02-10,6840,144243,4170,75805,2670,68438,0,0,5078,83232,1754,30475,5081,113707,California
San Francisco,2021-02-11,6676,150919,3955,79760,2721,71159,0,0,4871,86301,1803,32278,4872,118579,California
San Francisco,2021-02-12,5299,156218,2662,82422,2637,73796,0,0,3475,87953,1823,34101,3475,122054,California
San Francisco,2021-02-13,4352,160570,2547,84969,1805,75601,0,0,3029,89661,1323,35424,3031,125085,California
San Francisco,2021-02-14,3409,163979,2236,87205,1173,76774,0,0,2289,90832,1119,36543,2290,127375,California
San Francisco,2021-02-15,2751,166730,1487,88692,1264,78038,0,0,1673,91429,1076,37619,1673,129048,California
San Francisco,2021-02-16,4971,171701,2719,91411,2252,80290,0,0,2951,92372,2014,39633,2957,132005,California
San Francisco,2021-02-17,5392,177093,2678,94089,2714,83004,0,0,2955,92900,2428,42061,2956,134961,California
San Francisco,2021-02-18,5365,182458,2628,96717,2737,85741,0,0,2808,93154,2557,44618,2811,137772,California
San Francisco,2021-02-19,5619,188077,2640,99357,2979,88720,0,0,2924,93391,2689,47307,2926,140698,California
San Francisco,2021-02-20,4473,192550,2137,101494,2336,91056,0,0,1695,92317,2770,50077,1696,142394,California
San Francisco,2021-02-21,2732,195282,1364,102858,1368,92424,0,0,1139,91868,1589,51666,1140,143534,California
San Francisco,2021-02-22,5086,200368,3164,106022,1922,94346,0,0,2556,91904,2522,54188,2558,146092,California
San Francisco,2021-02-23,5436,205804,3073,109095,2363,96709,0,0,2758,91990,2672,56860,2758,148850,California
San Francisco,2021-02-24,8941,214745,5060,114155,3881,100590,0,0,4766,92591,4166,61026,4767,153617,California
San Francisco,2021-02-25,9726,224471,6840,120995,2886,103476,0,0,6279,95426,3446,64472,6281,159898,California
San Francisco,2021-02-26,11886,236357,7716,128711,4170,107646,0,0,7045,97628,4844,69316,7046,166944,California
San Francisco,2021-02-27,8874,245231,5646,134357,3227,110873,1,1,4494,97756,4368,73684,4496,171440,California
San Francisco,2021-02-28,7687,252918,5514,139871,2173,113046,0,1,3824,97719,3862,77546,3825,175265,California
San Francisco,2021-03-01,10638,263556,7137,147008,3500,116546,1,2,5144,97390,5477,83023,5148,180413,California
San Francisco,2021-03-02,8802,272358,5612,152620,3190,119736,0,2,5107,98809,3689,86712,5108,185521,California
San Francisco,2021-03-03,10846,283204,6180,158800,4665,124401,1,3,5872,99721,4964,91676,5876,191397,California
San Francisco,2021-03-04,8588,291792,5401,164201,3187,127588,0,3,4846,100831,3736,95412,4846,196243,California
San Francisco,2021-03-05,8617,300409,5105,169306,3509,131097,3,6,5418,103063,3190,98602,5422,201665,California
San Francisco,2021-03-06,6838,307247,4404,173710,2226,133323,208,214,4202,104820,2649,101251,4406,206071,California
San Francisco,2021-03-07,5111,312358,3972,177682,1082,134405,57,271,2879,105509,2246,103497,2935,209006,California
San Francisco,2021-03-08,7101,319459,5144,182826,1772,136177,185,456,5559,109679,1574,105071,5744,214750,California
San Francisco,2021-03-09,6673,326132,3909,186735,2390,138567,374,830,4556,112480,2124,107195,4925,219675,California
San Francisco,2021-03-10,10348,336480,5859,192594,3995,142562,494,1324,6330,115306,3999,111194,6825,226500,California
San Francisco,2021-03-11,10000,346480,6330,198924,2713,145275,957,2281,6564,119400,3421,114615,7515,234015,California
San Francisco,2021-03-12,10681,357161,6230,205154,3143,148418,1308,3589,5938,121923,4721,119336,7244,241259,California
San Francisco,2021-03-13,6554,363715,3830,208984,1677,150095,1047,4636,4068,124557,2479,121815,5113,246372,California
San Francisco,2021-03-14,7472,371187,4840,213824,2398,152493,234,4870,4040,125413,3418,125233,4274,250646,California
San Francisco,2021-03-15,11892,383079,9064,222888,1896,154389,932,5802,8239,130936,3641,128874,9164,259810,California
San Francisco,2021-03-16,12012,395091,8159,231047,3396,157785,457,6259,8739,136870,3260,132134,9194,269004,California
San Francisco,2021-03-17,13139,408230,8109,239156,4490,162275,540,6799,9506,143305,3607,135741,10042,279046,California
San Francisco,2021-03-18,9887,418117,6722,245878,2546,164821,619,7418,5626,145312,4236,139977,6243,285289,California
San Francisco,2021-03-19,11975,430092,8688,254566,2824,167645,463,7881,6379,146577,5574,145551,6839,292128,California
San Francisco,2021-03-20,8635,438727,6373,260939,1804,169449,458,8339,5132,148692,3476,149027,5591,297719,California
San Francisco,2021-03-21,6439,445166,5887,266826,418,169867,134,8473,3682,149763,2745,151772,3816,301535,California
San Francisco,2021-03-22,9642,454808,6799,273625,2002,171869,841,9314,5075,151130,4547,156319,5914,307449,California
San Francisco,2021-03-23,11104,465912,7338,280963,3120,174989,646,9960,6696,154092,4378,160697,7340,314789,California
San Francisco,2021-03-24,12218,478130,9369,290332,2314,177303,535,10495,6330,155103,5851,166548,6862,321651,California
San Francisco,2021-03-25,11721,489851,8620,298952,2547,179850,554,11049,5890,155773,5771,172319,6441,328092,California
San Francisco,2021-03-26,11795,501646,8167,307119,3399,183249,229,11278,6097,156426,5670,177989,6323,334415,California
San Francisco,2021-03-27,8581,510227,5727,312846,2509,185758,345,11623,3892,155989,4674,182663,4237,338652,California
San Francisco,2021-03-28,6546,516773,5223,318069,1282,187040,41,11664,3154,155810,3372,186035,3193,341845,California
San Francisco,2021-03-29,11352,528125,7863,325932,3307,190347,182,11846,5146,154955,6183,192218,5328,347173,California
San Francisco,2021-03-30,11464,539589,7153,333085,4020,194367,291,12137,6884,157572,4557,196775,7174,354347,California
San Francisco,2021-03-31,12076,551665,8012,341097,3770,198137,294,12431,5657,157128,6390,203165,5946,360293,California
San Francisco,2021-04-01,13625,565290,7248,348345,4746,202883,1631,14062,5935,157030,7662,210827,7564,367857,California
San Francisco,2021-04-02,14542,579832,6414,354759,6321,209204,1807,15869,6864,158040,7660,218487,8670,376527,California
San Francisco,2021-04-03,10210,590042,4751,359510,3685,212889,1774,17643,4674,158962,5524,224011,6446,382973,California
San Francisco,2021-04-04,8844,598886,4659,364169,2577,215466,1608,19251,3517,158772,5317,229328,5127,388100,California
San Francisco,2021-04-05,15829,614715,9692,373861,4274,219740,1863,21114,6333,157493,9473,238801,8194,396294,California
San Francisco,2021-04-06,15888,630603,9415,383276,4428,224168,2045,23159,6243,156150,9627,248428,8284,404578,California
San Francisco,2021-04-07,16544,647147,9946,393222,4391,228559,2207,25366,6943,155708,9580,258008,9138,413716,California
San Francisco,2021-04-08,13977,661124,6681,399903,2934,231493,4362,29728,4605,155315,9343,267351,8950,422666,California
San Francisco,2021-04-09,14394,675518,6577,406480,4696,236189,3121,32849,6417,156889,7951,275302,9525,432191,California
San Francisco,2021-04-10,12777,688295,5520,412000,5702,241891,1555,34404,6930,159543,5825,281127,8479,440670,California
San Francisco,2021-04-11,9938,698233,7442,419442,1333,243224,1163,35567,5186,161146,4743,285870,6346,447016,California
San Francisco,2021-04-12,10049,708282,6408,425850,2519,245743,1122,36689,4658,161556,5367,291237,5777,452793,California
San Francisco,2021-04-13,10457,718739,7076,432926,3371,249114,10,36699,5325,161783,5110,296347,5337,458130,California
San Francisco,2021-04-14,12116,730855,7092,440018,5023,254137,1,36700,5999,161690,6094,302441,6001,464131,California
San Francisco,2021-04-15,12519,743374,8821,448839,3697,257834,1,36701,7460,164121,5038,307479,7469,471600,California
San Francisco,2021-04-16,9195,752569,6316,455155,2837,260671,42,36743,5517,166017,3664,311143,5560,477160,California
San Joaquin,2020-12-15,12,12,12,12,0,0,0,0,12,12,0,0,12,12,California
San Joaquin,2020-12-16,438,450,438,450,0,0,0,0,438,450,0,0,438,450,California
San Joaquin,2020-12-17,385,835,385,835,0,0,0,0,385,835,0,0,385,835,California
San Joaquin,2020-12-18,573,1408,547,1382,26,26,0,0,573,1408,0,0,573,1408,California
San Joaquin,2020-12-19,200,1608,200,1582,0,26,0,0,200,1608,0,0,200,1608,California
San Joaquin,2020-12-20,112,1720,111,1693,1,27,0,0,112,1720,0,0,112,1720,California
San Joaquin,2020-12-21,555,2275,551,2244,4,31,0,0,555,2275,0,0,555,2275,California
San Joaquin,2020-12-22,1055,3330,895,3139,160,191,0,0,1054,3329,0,0,1054,3329,California
San Joaquin,2020-12-23,1023,4353,956,4095,67,258,0,0,1021,4350,0,0,1021,4350,California
San Joaquin,2020-12-24,221,4574,193,4288,28,286,0,0,220,4570,0,0,220,4570,California
San Joaquin,2020-12-25,14,4588,14,4302,0,286,0,0,14,4584,0,0,14,4584,California
San Joaquin,2020-12-26,101,4689,29,4331,72,358,0,0,101,4685,0,0,101,4685,California
San Joaquin,2020-12-27,41,4730,29,4360,12,370,0,0,41,4726,0,0,41,4726,California
San Joaquin,2020-12-28,649,5379,444,4804,205,575,0,0,649,5375,0,0,649,5375,California
San Joaquin,2020-12-29,877,6256,741,5545,136,711,0,0,877,6252,0,0,877,6252,California
San Joaquin,2020-12-30,1055,7311,748,6293,307,1018,0,0,1053,7305,0,0,1053,7305,California
San Joaquin,2020-12-31,449,7760,200,6493,249,1267,0,0,450,7755,0,0,450,7755,California
San Joaquin,2021-01-01,17,7777,10,6503,7,1274,0,0,17,7772,0,0,17,7772,California
San Joaquin,2021-01-02,260,8037,238,6741,22,1296,0,0,259,8031,0,0,259,8031,California
San Joaquin,2021-01-03,37,8074,19,6760,18,1314,0,0,36,8066,1,1,36,8067,California
San Joaquin,2021-01-04,486,8560,342,7102,144,1458,0,0,482,8547,1,2,482,8549,California
San Joaquin,2021-01-05,1043,9603,712,7814,331,1789,0,0,821,9181,223,225,857,9406,California
San Joaquin,2021-01-06,1307,10910,787,8601,520,2309,0,0,940,9764,360,585,943,10349,California
San Joaquin,2021-01-07,1131,12041,723,9324,408,2717,0,0,807,10252,320,905,808,11157,California
San Joaquin,2021-01-08,1337,13378,946,10270,391,3108,0,0,804,10529,529,1434,806,11963,California
San Joaquin,2021-01-09,375,13753,299,10569,76,3184,0,0,247,10648,128,1562,247,12210,California
San Joaquin,2021-01-10,221,13974,114,10683,107,3291,0,0,169,10765,52,1614,169,12379,California
San Joaquin,2021-01-11,1583,15557,1377,12060,206,3497,0,0,903,11016,679,2293,930,13309,California
San Joaquin,2021-01-12,1514,17071,1072,13132,442,3939,0,0,700,10975,810,3103,769,14078,California
San Joaquin,2021-01-13,1548,18619,850,13982,698,4637,0,0,1019,11470,530,3633,1025,15103,California
San Joaquin,2021-01-14,1674,20293,905,14887,769,5406,0,0,1311,12459,332,3965,1321,16424,California
San Joaquin,2021-01-15,1600,21893,669,15556,931,6337,0,0,1356,13593,224,4189,1358,17782,California
San Joaquin,2021-01-16,1174,23067,192,15748,982,7319,0,0,1148,14715,26,4215,1148,18930,California
San Joaquin,2021-01-17,1652,24719,129,15877,1523,8842,0,0,1617,16299,35,4250,1619,20549,California
San Joaquin,2021-01-18,766,25485,235,16112,531,9373,0,0,649,16835,113,4363,649,21198,California
San Joaquin,2021-01-19,1900,27385,890,17002,1010,10383,0,0,1197,17338,699,5062,1202,22400,California
San Joaquin,2021-01-20,2154,29539,1322,18324,832,11215,0,0,1469,18130,682,5744,1474,23874,California
San Joaquin,2021-01-21,2050,31589,943,19267,1107,12322,0,0,1624,19340,419,6163,1629,25503,California
San Joaquin,2021-01-22,2036,33625,967,20234,1069,13391,0,0,1893,21096,140,6303,1896,27399,California
San Joaquin,2021-01-23,931,34556,401,20635,530,13921,0,0,649,21466,281,6584,651,28050,California
San Joaquin,2021-01-24,358,34914,155,20790,203,14124,0,0,338,21786,18,6602,338,28388,California
San Joaquin,2021-01-25,2044,36958,1175,21965,869,14993,0,0,1467,22683,574,7176,1471,29859,California
San Joaquin,2021-01-26,2223,39181,1167,23132,1056,16049,0,0,1582,23630,639,7815,1586,31445,California
San Joaquin,2021-01-27,1818,40999,824,23956,994,17043,0,0,1305,24431,510,8325,1311,32756,California
San Joaquin,2021-01-28,2148,43147,857,24813,1291,18334,0,0,1461,25210,685,9010,1464,34220,California
San Joaquin,2021-01-29,2260,45407,1141,25954,1119,19453,0,0,1885,26732,370,9380,1892,36112,California
San Joaquin,2021-01-30,2447,47854,393,26347,2054,21507,0,0,2257,28820,171,9551,2259,38371,California
San Joaquin,2021-01-31,1572,49426,177,26524,1395,22902,0,0,1501,30266,56,9607,1502,39873,California
San Joaquin,2021-02-01,2617,52043,1411,27935,1206,24108,0,0,1847,31348,768,10375,1850,41723,California
San Joaquin,2021-02-02,2696,54739,1240,29175,1456,25564,0,0,2064,32843,573,10948,2068,43791,California
San Joaquin,2021-02-03,3178,57917,1308,30483,1870,27434,0,0,2288,34249,886,11834,2292,46083,California
San Joaquin,2021-02-04,3543,61460,1803,32286,1740,29174,0,0,2734,36179,806,12640,2736,48819,California
San Joaquin,2021-02-05,3363,64823,1964,34250,1399,30573,0,0,2495,37812,865,13505,2498,51317,California
San Joaquin,2021-02-06,1136,65959,787,35037,349,30922,0,0,964,38608,170,13675,966,52283,California
San Joaquin,2021-02-07,607,66566,481,35518,126,31048,0,0,410,38829,190,13865,411,52694,California
San Joaquin,2021-02-08,1826,68392,1061,36579,765,31813,0,0,1498,40021,310,14175,1502,54196,California
San Joaquin,2021-02-09,2155,70547,1173,37752,982,32795,0,0,1633,41197,458,14633,1634,55830,California
San Joaquin,2021-02-10,2690,73237,1303,39055,1387,34182,0,0,1392,41319,1270,15903,1392,57222,California
San Joaquin,2021-02-11,3011,76248,1562,40617,1449,35631,0,0,1791,41915,1200,17103,1796,59018,California
San Joaquin,2021-02-12,2855,79103,1196,41813,1659,37290,0,0,1692,42452,1159,18262,1696,60714,California
San Joaquin,2021-02-13,2127,81230,400,42213,1727,39017,0,0,853,42046,1265,19527,859,61573,California
San Joaquin,2021-02-14,1897,83127,259,42472,1638,40655,0,0,688,41543,1192,20719,689,62262,California
San Joaquin,2021-02-15,1994,85121,848,43320,1146,41801,0,0,1205,41985,767,21486,1209,63471,California
San Joaquin,2021-02-16,3197,88318,1457,44777,1740,43541,0,0,1743,42289,1444,22930,1748,65219,California
San Joaquin,2021-02-17,3413,91731,1369,46146,2044,45585,0,0,1943,42781,1455,24385,1947,67166,California
San Joaquin,2021-02-18,3520,95251,1494,47640,2026,47611,0,0,2016,43323,1480,25865,2022,69188,California
San Joaquin,2021-02-19,4701,99952,2780,50420,1921,49532,0,0,2820,44297,1847,27712,2821,72009,California
San Joaquin,2021-02-20,1699,101651,679,51099,1020,50552,0,0,1159,44917,539,28251,1159,73168,California
San Joaquin,2021-02-21,627,102278,471,51570,156,50708,0,0,402,45094,226,28477,403,73571,California
San Joaquin,2021-02-22,4129,106407,3053,54623,1076,51784,0,0,3081,47160,1020,29497,3086,76657,California
San Joaquin,2021-02-23,4893,111300,3283,57906,1610,53394,0,0,3288,48873,1581,31078,3294,79951,California
San Joaquin,2021-02-24,6707,118007,4293,62199,2414,55808,0,0,5014,52216,1675,32753,5018,84969,California
San Joaquin,2021-02-25,7173,125180,4784,66983,2389,58197,0,0,4886,54853,2259,35012,4896,89865,California
San Joaquin,2021-02-26,6018,131198,3378,70361,2640,60837,0,0,4249,57369,1741,36753,4257,94122,California
San Joaquin,2021-02-27,5599,136797,1611,71972,3988,64825,0,0,2644,57113,2915,39668,2659,96781,California
San Joaquin,2021-02-28,3028,139825,1085,73057,1943,66768,0,0,1995,58091,1020,40688,1998,98779,California
San Joaquin,2021-03-01,4132,143957,1810,74867,2322,69090,0,0,2325,58633,1793,42481,2335,101114,California
San Joaquin,2021-03-02,4202,148159,1682,76549,2520,71610,0,0,2611,59727,1577,44058,2671,103785,California
San Joaquin,2021-03-03,6304,154463,3965,80514,2337,73947,2,2,4660,62762,1625,45683,4660,108445,California
San Joaquin,2021-03-04,5553,160016,2468,82982,3083,77030,2,4,3473,64252,1991,47674,3481,111926,California
San Joaquin,2021-03-05,4520,164536,1963,84945,2555,79585,2,6,3084,65913,1428,49102,3089,115015,California
San Joaquin,2021-03-06,3595,168131,2462,87407,1004,80589,129,135,3002,68453,594,49696,3134,118149,California
San Joaquin,2021-03-07,1227,169358,552,87959,631,81220,44,179,951,69174,260,49956,981,119130,California
San Joaquin,2021-03-08,3138,172496,1247,89206,1770,82990,121,300,2120,70403,1011,50967,2240,121370,California
San Joaquin,2021-03-09,4138,176634,1869,91075,2143,85133,126,426,2731,71867,1396,52363,2860,124230,California
San Joaquin,2021-03-10,4932,181566,2673,93748,2121,87254,138,564,3656,74395,1266,53629,3794,128024,California
San Joaquin,2021-03-11,5080,186646,2455,96203,2034,89288,591,1155,3019,75903,2106,55735,3614,131638,California
San Joaquin,2021-03-12,6725,193371,3551,99754,2847,92135,327,1482,4288,78103,2419,58154,4619,136257,California
San Joaquin,2021-03-13,3205,196576,1587,101341,1492,93627,126,1608,2444,79927,754,58908,2578,138835,California
San Joaquin,2021-03-14,2146,198722,667,102008,1179,94806,300,1908,1039,80166,1105,60013,1344,140179,California
San Joaquin,2021-03-15,6659,205381,4095,106103,2166,96972,398,2306,3330,80596,3310,63323,3740,143919,California
San Joaquin,2021-03-16,7700,213081,4741,110844,2711,99683,248,2554,4314,81795,3373,66696,4572,148491,California
San Joaquin,2021-03-17,8949,222030,5828,116672,3047,102730,74,2628,4755,82459,4176,70872,4840,153331,California
San Joaquin,2021-03-18,8581,230611,5434,122106,2641,105371,506,3134,3922,82266,4626,75498,4433,157764,California
San Joaquin,2021-03-19,8564,239175,5166,127272,2857,108228,541,3675,4971,84239,3585,79083,5558,163322,California
San Joaquin,2021-03-20,3795,242970,2122,129394,1433,109661,240,3915,1887,84484,1895,80978,2140,165462,California
San Joaquin,2021-03-21,2327,245297,1688,131082,433,110094,206,4121,1421,85256,899,81877,1671,167133,California
San Joaquin,2021-03-22,4305,249602,2352,133434,1539,111633,414,4535,2694,86768,1602,83479,3114,170247,California
San Joaquin,2021-03-23,5587,255189,2849,136283,2573,114206,165,4700,3969,89285,1621,85100,4138,174385,California
San Joaquin,2021-03-24,7505,262694,4857,141140,2561,116767,87,4787,3220,88333,4267,89367,3315,177700,California
San Joaquin,2021-03-25,5830,268524,3546,144686,2244,119011,40,4827,3570,89711,2239,91606,3617,181317,California
San Joaquin,2021-03-26,6320,274844,2640,147326,3534,122545,146,4973,3355,90298,2934,94540,3521,184838,California
San Joaquin,2021-03-27,5085,279929,2907,150233,2137,124682,41,5014,2077,89441,2989,97529,2132,186970,California
San Joaquin,2021-03-28,3010,282939,2091,152324,894,125576,25,5039,1607,89773,1388,98917,1720,188690,California
San Joaquin,2021-03-29,4149,287088,2301,154625,1826,127402,22,5061,2183,90049,1957,100874,2233,190923,California
San Joaquin,2021-03-30,6424,293512,3396,158021,2988,130390,40,5101,3774,91256,2633,103507,3840,194763,California
San Joaquin,2021-03-31,6850,300362,4372,162393,2419,132809,59,5160,3552,91608,3286,106793,3638,198401,California
San Joaquin,2021-04-01,6649,307011,3246,165639,3324,136133,79,5239,3469,92049,3173,109966,3614,202015,California
San Joaquin,2021-04-02,6371,313382,2887,168526,2993,139126,491,5730,2547,91322,3807,113773,3080,205095,California
San Joaquin,2021-04-03,4227,317609,2414,170940,1486,140612,327,6057,2025,91497,2188,115961,2363,207458,California
San Joaquin,2021-04-04,1918,319527,1002,171942,715,141327,201,6258,1215,92222,697,116658,1422,208880,California
San Joaquin,2021-04-05,4175,323702,2552,174494,1462,142789,161,6419,2388,93005,1781,118439,2564,211444,California
San Joaquin,2021-04-06,7250,330952,4744,179238,2247,145036,259,6678,3558,93158,3676,122115,3829,215273,California
San Joaquin,2021-04-07,8967,339919,5085,184323,2291,147327,1591,8269,3916,93642,5040,127155,5524,220797,California
San Joaquin,2021-04-08,8871,348790,4829,189152,2012,149339,2030,10299,3436,93693,5419,132574,5470,226267,California
San Joaquin,2021-04-09,8794,357584,4118,193270,3240,152579,1436,11735,3563,93496,5214,137788,5017,231284,California
San Joaquin,2021-04-10,5385,362969,1638,194908,1836,154415,1911,13646,1884,93792,3498,141286,3794,235078,California
San Joaquin,2021-04-11,4352,367321,1663,196571,1520,155935,1169,14815,1840,94295,2502,143788,3005,238083,California
San Joaquin,2021-04-12,5333,372654,2122,198693,1976,157911,1235,16050,1976,94168,3344,147132,3217,241300,California
San Joaquin,2021-04-13,5852,378506,2745,201438,3104,161015,3,16053,3427,95200,2408,149540,3440,244740,California
San Joaquin,2021-04-14,5407,383913,1897,203335,3510,164525,0,16053,3069,95948,2327,151867,3075,247815,California
San Joaquin,2021-04-15,5183,389096,2276,205611,2907,167432,0,16053,2681,96160,2478,154345,2690,250505,California
San Joaquin,2021-04-16,3198,392294,1033,206644,2162,169594,3,16056,2049,97080,1136,155481,2056,252561,California
San Luis Obispo,2020-12-16,4,4,4,4,0,0,0,0,4,4,0,0,4,4,California
San Luis Obispo,2020-12-17,196,200,196,200,0,0,0,0,196,200,0,0,196,200,California
San Luis Obispo,2020-12-18,224,424,224,424,0,0,0,0,224,424,0,0,224,424,California
San Luis Obispo,2020-12-19,162,586,162,586,0,0,0,0,162,586,0,0,162,586,California
San Luis Obispo,2020-12-20,215,801,215,801,0,0,0,0,215,801,0,0,215,801,California
San Luis Obispo,2020-12-21,549,1350,549,1350,0,0,0,0,549,1350,0,0,549,1350,California
San Luis Obispo,2020-12-22,307,1657,303,1653,4,4,0,0,307,1657,0,0,307,1657,California
San Luis Obispo,2020-12-23,681,2338,368,2021,313,317,0,0,681,2338,0,0,681,2338,California
San Luis Obispo,2020-12-24,195,2533,19,2040,176,493,0,0,195,2533,0,0,195,2533,California
San Luis Obispo,2020-12-25,2,2535,1,2041,1,494,0,0,2,2535,0,0,2,2535,California
San Luis Obispo,2020-12-26,90,2625,12,2053,78,572,0,0,90,2625,0,0,90,2625,California
San Luis Obispo,2020-12-27,76,2701,0,2053,76,648,0,0,76,2701,0,0,76,2701,California
San Luis Obispo,2020-12-28,879,3580,430,2483,449,1097,0,0,879,3580,0,0,879,3580,California
San Luis Obispo,2020-12-29,903,4483,502,2985,401,1498,0,0,903,4483,0,0,903,4483,California
San Luis Obispo,2020-12-30,1174,5657,681,3666,493,1991,0,0,1174,5657,0,0,1174,5657,California
San Luis Obispo,2020-12-31,106,5763,4,3670,102,2093,0,0,106,5763,0,0,106,5763,California
San Luis Obispo,2021-01-01,12,5775,8,3678,4,2097,0,0,12,5775,0,0,12,5775,California
San Luis Obispo,2021-01-02,33,5808,8,3686,25,2122,0,0,33,5808,0,0,33,5808,California
San Luis Obispo,2021-01-03,16,5824,6,3692,10,2132,0,0,16,5824,0,0,16,5824,California
San Luis Obispo,2021-01-04,676,6500,524,4216,152,2284,0,0,676,6500,0,0,676,6500,California
San Luis Obispo,2021-01-05,975,7475,757,4973,218,2502,0,0,973,7471,2,2,973,7473,California
San Luis Obispo,2021-01-06,726,8201,481,5454,245,2747,0,0,718,8182,7,9,718,8191,California
San Luis Obispo,2021-01-07,1128,9329,950,6404,178,2925,0,0,686,8426,442,451,686,8877,California
San Luis Obispo,2021-01-08,882,10211,805,7209,77,3002,0,0,513,8571,368,819,513,9390,California
San Luis Obispo,2021-01-09,205,10416,196,7405,9,3011,0,0,28,8422,177,996,28,9418,California
San Luis Obispo,2021-01-10,12,10428,8,7413,4,3015,0,0,8,8426,4,1000,8,9426,California
San Luis Obispo,2021-01-11,526,10954,475,7888,51,3066,0,0,265,8431,260,1260,265,9691,California
San Luis Obispo,2021-01-12,597,11551,379,8267,218,3284,0,0,320,8474,277,1537,320,10011,California
San Luis Obispo,2021-01-13,882,12433,254,8521,628,3912,0,0,644,8882,236,1773,644,10655,California
San Luis Obispo,2021-01-14,728,13161,243,8764,485,4397,0,0,603,9373,112,1885,603,11258,California
San Luis Obispo,2021-01-15,730,13891,288,9052,442,4839,0,0,554,9756,171,2056,554,11812,California
San Luis Obispo,2021-01-16,99,13990,81,9133,18,4857,0,0,94,9845,5,2061,94,11906,California
San Luis Obispo,2021-01-17,66,14056,60,9193,6,4863,0,0,66,9911,0,2061,66,11972,California
San Luis Obispo,2021-01-18,1372,15428,389,9582,983,5846,0,0,1110,10759,262,2323,1110,13082,California
San Luis Obispo,2021-01-19,1585,17013,418,10000,1167,7013,0,0,1178,11530,407,2730,1178,14260,California
San Luis Obispo,2021-01-20,1880,18893,595,10595,1285,8298,0,0,1290,12233,588,3318,1291,15551,California
San Luis Obispo,2021-01-21,1571,20464,466,11061,1105,9403,0,0,1197,13061,370,3688,1198,16749,California
San Luis Obispo,2021-01-22,1521,21985,508,11569,1013,10416,0,0,1206,13954,313,4001,1206,17955,California
San Luis Obispo,2021-01-23,311,22296,293,11862,18,10434,0,0,295,14233,16,4017,295,18250,California
San Luis Obispo,2021-01-24,245,22541,238,12100,7,10441,0,0,239,14466,6,4023,239,18489,California
San Luis Obispo,2021-01-25,2071,24612,606,12706,1465,11906,0,0,1243,14881,828,4851,1243,19732,California
San Luis Obispo,2021-01-26,2003,26615,703,13409,1300,13206,0,0,1136,15151,866,5717,1136,20868,California
San Luis Obispo,2021-01-27,1612,28227,283,13692,1329,14535,0,0,1150,15839,462,6179,1150,22018,California
San Luis Obispo,2021-01-28,1484,29711,342,14034,1142,15677,0,0,1223,16802,260,6439,1223,23241,California
San Luis Obispo,2021-01-29,1734,31445,680,14714,1054,16731,0,0,1450,17968,284,6723,1450,24691,California
San Luis Obispo,2021-01-30,37,31482,18,14732,19,16750,0,0,26,17984,10,6733,26,24717,California
San Luis Obispo,2021-01-31,26,31508,20,14752,6,16756,0,0,23,18004,3,6736,23,24740,California
San Luis Obispo,2021-02-01,1664,33172,703,15455,961,17717,0,0,1395,19131,268,7004,1395,26135,California
San Luis Obispo,2021-02-02,1892,35064,675,16130,1217,18934,0,0,1518,20275,374,7378,1518,27653,California
San Luis Obispo,2021-02-03,1700,36764,726,16856,974,19908,0,0,1288,21151,412,7790,1288,28941,California
San Luis Obispo,2021-02-04,1654,38418,798,17654,856,20764,0,0,1088,21673,566,8356,1088,30029,California
San Luis Obispo,2021-02-05,1604,40022,718,18372,886,21650,0,0,1060,22189,545,8901,1061,31090,California
San Luis Obispo,2021-02-06,159,40181,92,18464,67,21717,0,0,93,22216,66,8967,93,31183,California
San Luis Obispo,2021-02-07,143,40324,98,18562,45,21762,0,0,73,22220,70,9037,74,31257,California
San Luis Obispo,2021-02-08,853,41177,468,19030,385,22147,0,0,495,22358,357,9394,495,31752,California
San Luis Obispo,2021-02-09,1124,42301,448,19478,676,22823,0,0,542,22331,576,9970,549,32301,California
San Luis Obispo,2021-02-10,1425,43726,484,19962,941,23764,0,0,520,21952,902,10872,523,32824,California
San Luis Obispo,2021-02-11,1330,45056,844,20806,486,24250,0,0,655,21935,672,11544,655,33479,California
San Luis Obispo,2021-02-12,785,45841,362,21168,423,24673,0,0,416,21981,370,11914,416,33895,California
San Luis Obispo,2021-02-13,389,46230,124,21292,265,24938,0,0,283,22159,105,12019,283,34178,California
San Luis Obispo,2021-02-14,316,46546,42,21334,274,25212,0,0,279,22402,37,12056,280,34458,California
San Luis Obispo,2021-02-15,723,47269,137,21471,586,25798,0,0,467,22616,253,12309,467,34925,California
San Luis Obispo,2021-02-16,2960,50229,1193,22664,1767,27565,0,0,1358,22378,1596,13905,1358,36283,California
San Luis Obispo,2021-02-17,2773,53002,1237,23901,1536,29101,0,0,1029,21671,1736,15641,1029,37312,California
San Luis Obispo,2021-02-18,2808,55810,1444,25345,1364,30465,0,0,1119,21110,1681,17322,1120,38432,California
San Luis Obispo,2021-02-19,1452,57262,1332,26677,120,30585,0,0,1130,21919,321,17643,1130,39562,California
San Luis Obispo,2021-02-20,247,57509,79,26756,168,30753,0,0,212,22096,35,17678,212,39774,California
San Luis Obispo,2021-02-21,48,57557,45,26801,3,30756,0,0,29,22106,19,17697,29,39803,California
San Luis Obispo,2021-02-22,2401,59958,1858,28659,543,31299,0,0,1461,22628,940,18637,1462,41265,California
San Luis Obispo,2021-02-23,1854,61812,1738,30397,116,31415,0,0,1365,23505,488,19125,1365,42630,California
San Luis Obispo,2021-02-24,2642,64454,1299,31696,1343,32758,0,0,834,22533,1806,20931,834,43464,California
San Luis Obispo,2021-02-25,2129,66583,1243,32939,886,33644,0,0,1205,22822,917,21848,1206,44670,California
San Luis Obispo,2021-02-26,2642,69225,1148,34087,1494,35138,0,0,1324,22834,1312,23160,1324,45994,California
San Luis Obispo,2021-02-27,566,69791,340,34427,226,35364,0,0,520,23308,46,23206,520,46514,California
San Luis Obispo,2021-02-28,196,69987,72,34499,124,35488,0,0,163,23442,29,23235,163,46677,California
San Luis Obispo,2021-03-01,2950,72937,1837,36336,1112,36600,1,1,2032,24558,918,24153,2034,48711,California
San Luis Obispo,2021-03-02,2943,75880,1854,38190,1089,37689,0,1,1827,25272,1114,25267,1828,50539,California
San Luis Obispo,2021-03-03,2265,78145,327,38517,1938,39627,0,1,821,24656,1438,26705,822,51361,California
San Luis Obispo,2021-03-04,2156,80301,1137,39654,1019,40646,0,1,1158,24820,996,27701,1160,52521,California
San Luis Obispo,2021-03-05,2287,82588,1013,40667,1204,41850,70,71,1284,25185,989,28690,1354,53875,California
San Luis Obispo,2021-03-06,829,83417,307,40974,415,42265,107,178,611,25679,218,28908,712,54587,California
San Luis Obispo,2021-03-07,200,83617,32,41006,84,42349,84,262,71,25707,128,29036,156,54743,California
San Luis Obispo,2021-03-08,2721,86338,751,41757,1656,44005,314,576,1539,26379,1180,30216,1852,56595,California
San Luis Obispo,2021-03-09,2909,89247,954,42711,1719,45724,236,812,1509,26728,1397,31613,1746,58341,California
San Luis Obispo,2021-03-10,3176,92423,1240,43951,1666,47390,270,1082,1813,27451,1360,32973,2083,60424,California
San Luis Obispo,2021-03-11,3079,95502,1269,45220,1508,48898,302,1384,1692,28063,1381,34354,1993,62417,California
San Luis Obispo,2021-03-12,3149,98651,1279,46499,1531,50429,339,1723,1549,28361,1593,35947,1891,64308,California
San Luis Obispo,2021-03-13,784,99435,258,46757,417,50846,109,1832,428,28541,356,36303,536,64844,California
San Luis Obispo,2021-03-14,512,99947,54,46811,347,51193,111,1943,136,28413,375,36678,247,65091,California
San Luis Obispo,2021-03-15,3048,102995,1097,47908,1853,53046,98,2041,1527,28520,1518,38196,1625,66716,California
San Luis Obispo,2021-03-16,2822,105817,1503,49411,1219,54265,100,2141,1438,28679,1378,39574,1537,68253,California
San Luis Obispo,2021-03-17,3390,109207,1447,50858,1682,55947,261,2402,1953,29460,1432,41006,2213,70466,California
San Luis Obispo,2021-03-18,2703,111910,1444,52302,1065,57012,194,2596,1257,29467,1444,42450,1451,71917,California
San Luis Obispo,2021-03-19,2571,114481,1561,53863,688,57700,322,2918,952,29127,1616,44066,1276,73193,California
San Luis Obispo,2021-03-20,824,115305,493,54356,295,57995,36,2954,379,29098,444,44510,415,73608,California
San Luis Obispo,2021-03-21,182,115487,44,54400,135,58130,3,2957,153,29225,29,44539,156,73764,California
San Luis Obispo,2021-03-22,2676,118163,1168,55568,1461,59591,47,3004,1860,30320,812,45351,1907,75671,California
San Luis Obispo,2021-03-23,3357,121520,2214,57782,1125,60716,18,3022,2263,31512,1089,46440,2281,77952,California
San Luis Obispo,2021-03-24,3429,124949,2089,59871,1270,61986,70,3092,2583,33324,841,47281,2653,80605,California
San Luis Obispo,2021-03-25,3611,128560,2277,62148,1323,63309,11,3103,2599,34922,1011,48292,2609,83214,California
San Luis Obispo,2021-03-26,3127,131687,1755,63903,951,64260,421,3524,1752,35724,1371,49663,2173,85387,California
San Luis Obispo,2021-03-27,985,132672,502,64405,387,64647,96,3620,442,35721,541,50204,538,85925,California
San Luis Obispo,2021-03-28,442,133114,153,64558,233,64880,56,3676,242,35819,200,50404,298,86223,California
San Luis Obispo,2021-03-29,2574,135688,1271,65829,1169,66049,134,3810,1656,36703,906,51310,1790,88013,California
San Luis Obispo,2021-03-30,3494,139182,1907,67736,1445,67494,142,3952,2347,38047,1143,52453,2487,90500,California
San Luis Obispo,2021-03-31,3801,142983,2442,70178,1216,68710,143,4095,2446,39290,1346,53799,2589,93089,California
San Luis Obispo,2021-04-01,3786,146769,2420,72598,1282,69992,84,4179,2684,40963,1094,54893,2767,95856,California
San Luis Obispo,2021-04-02,1701,148470,681,73279,718,70710,302,4481,914,41393,786,55679,1216,97072,California
San Luis Obispo,2021-04-03,1078,149548,551,73830,408,71118,119,4600,471,41381,602,56281,590,97662,California
San Luis Obispo,2021-04-04,377,149925,130,73960,208,71326,39,4639,231,41505,146,56427,270,97932,California
San Luis Obispo,2021-04-05,3565,153490,1946,75906,1518,72844,101,4740,2042,42124,1522,57949,2141,100073,California
San Luis Obispo,2021-04-06,3983,157473,2138,78044,1544,74388,301,5041,1939,42326,2038,59987,2240,102313,California
San Luis Obispo,2021-04-07,4219,161692,2327,80371,1573,75961,319,5360,2460,43356,1747,61734,2777,105090,California
San Luis Obispo,2021-04-08,3987,165679,2185,82556,1411,77372,391,5751,2170,44107,1810,63544,2561,107651,California
San Luis Obispo,2021-04-09,3533,169212,1680,84236,1142,78514,711,6462,1532,44355,1992,65536,2240,109891,California
San Luis Obispo,2021-04-10,1510,170722,540,84776,324,78838,646,7108,453,44396,1056,66592,1097,110988,California
San Luis Obispo,2021-04-11,313,171035,63,84839,187,79025,63,7171,126,44400,185,66777,189,111177,California
San Luis Obispo,2021-04-12,3329,174364,1686,86525,1489,80514,154,7325,1388,44002,1941,68718,1543,112720,California
San Luis Obispo,2021-04-13,2982,177346,1797,88322,1180,81694,5,7330,1668,44363,1313,70031,1674,114394,California
San Luis Obispo,2021-04-14,1379,178725,628,88950,749,82443,2,7332,768,44529,604,70635,770,115164,California
San Luis Obispo,2021-04-15,1150,179875,707,89657,442,82885,1,7333,588,44563,555,71190,589,115753,California
San Luis Obispo,2021-04-16,247,180122,73,89730,171,83056,3,7336,172,44663,74,71264,174,115927,California
San Mateo,2020-12-15,26,26,26,26,0,0,0,0,26,26,0,0,26,26,California
San Mateo,2020-12-16,110,136,110,136,0,0,0,0,110,136,0,0,110,136,California
San Mateo,2020-12-17,162,298,162,298,0,0,0,0,162,298,0,0,162,298,California
San Mateo,2020-12-18,741,1039,739,1037,2,2,0,0,741,1039,0,0,741,1039,California
San Mateo,2020-12-19,509,1548,509,1546,0,2,0,0,509,1548,0,0,509,1548,California
San Mateo,2020-12-20,507,2055,506,2052,1,3,0,0,507,2055,0,0,507,2055,California
San Mateo,2020-12-21,1153,3208,1153,3205,0,3,0,0,1153,3208,0,0,1153,3208,California
San Mateo,2020-12-22,1513,4721,1506,4711,7,10,0,0,1513,4721,0,0,1513,4721,California
San Mateo,2020-12-23,1571,6292,1385,6096,186,196,0,0,1571,6292,0,0,1571,6292,California
San Mateo,2020-12-24,867,7159,610,6706,257,453,0,0,867,7159,0,0,867,7159,California
San Mateo,2020-12-25,114,7273,110,6816,4,457,0,0,114,7273,0,0,114,7273,California
San Mateo,2020-12-26,560,7833,417,7233,143,600,0,0,560,7833,0,0,560,7833,California
San Mateo,2020-12-27,305,8138,175,7408,130,730,0,0,305,8138,0,0,305,8138,California
San Mateo,2020-12-28,1047,9185,701,8109,346,1076,0,0,1047,9185,0,0,1047,9185,California
San Mateo,2020-12-29,1127,10312,705,8814,422,1498,0,0,1127,10312,0,0,1127,10312,California
San Mateo,2020-12-30,1263,11575,761,9575,502,2000,0,0,1263,11575,0,0,1263,11575,California
San Mateo,2020-12-31,717,12292,232,9807,485,2485,0,0,716,12290,1,1,716,12291,California
San Mateo,2021-01-01,35,12327,30,9837,5,2490,0,0,35,12325,0,1,35,12326,California
San Mateo,2021-01-02,397,12724,268,10105,129,2619,0,0,397,12722,0,1,397,12723,California
San Mateo,2021-01-03,281,13005,206,10311,75,2694,0,0,278,12997,3,4,278,13001,California
San Mateo,2021-01-04,1056,14061,683,10994,373,3067,0,0,1056,14053,0,4,1056,14057,California
San Mateo,2021-01-05,1197,15258,704,11698,493,3560,0,0,1169,15195,28,32,1170,15227,California
San Mateo,2021-01-06,1445,16703,948,12646,497,4057,0,0,1266,16285,177,209,1267,16494,California
San Mateo,2021-01-07,1450,18153,805,13451,645,4702,0,0,1162,17167,281,490,1163,17657,California
San Mateo,2021-01-08,1837,19990,1191,14642,646,5348,0,0,1139,17616,691,1181,1140,18797,California
San Mateo,2021-01-09,1178,21168,775,15417,403,5751,0,0,722,17882,456,1637,722,19519,California
San Mateo,2021-01-10,698,21866,570,15987,128,5879,0,0,263,17710,435,2072,263,19782,California
San Mateo,2021-01-11,2583,24449,1479,17466,1104,6983,0,0,1522,18171,1062,3134,1523,21305,California
San Mateo,2021-01-12,3275,27724,1769,19235,1506,8489,0,0,2096,19092,1177,4311,2098,23403,California
San Mateo,2021-01-13,3469,31193,1749,20984,1720,10209,0,0,2436,20498,1033,5344,2439,25842,California
San Mateo,2021-01-14,3773,34966,1581,22565,2192,12401,0,0,3089,22908,684,6028,3094,28936,California
San Mateo,2021-01-15,4328,39294,1710,24275,2618,15019,0,0,3800,26184,526,6554,3802,32738,California
San Mateo,2021-01-16,3083,42377,777,25052,2306,17325,0,0,2764,28629,319,6873,2764,35502,California
San Mateo,2021-01-17,1308,43685,308,25360,1000,18325,0,0,1100,29521,208,7081,1100,36602,California
San Mateo,2021-01-18,1362,45047,531,25891,831,19156,0,0,989,30144,370,7451,993,37595,California
San Mateo,2021-01-19,2796,47843,1783,27674,1013,20169,0,0,2006,31363,787,8238,2006,39601,California
San Mateo,2021-01-20,2654,50497,1402,29076,1252,21421,0,0,1809,32331,842,9080,1810,41411,California
San Mateo,2021-01-21,2820,53317,1279,30355,1541,22962,0,0,2240,33995,579,9659,2243,43654,California
San Mateo,2021-01-22,2790,56107,1130,31485,1660,24622,0,0,2491,36190,297,9956,2492,46146,California
San Mateo,2021-01-23,2882,58989,1688,33173,1194,25816,0,0,2521,38351,361,10317,2522,48668,California
San Mateo,2021-01-24,1519,60508,373,33546,1146,26962,0,0,1210,39253,308,10625,1210,49878,California
San Mateo,2021-01-25,4429,64937,3147,36693,1282,28244,0,0,3533,41894,894,11519,3535,53413,California
San Mateo,2021-01-26,4283,69220,2979,39672,1304,29548,0,0,3382,44376,900,12419,3382,56795,California
San Mateo,2021-01-27,2780,72000,1462,41134,1318,30866,0,0,1789,45182,985,13404,1791,58586,California
San Mateo,2021-01-28,2786,74786,1342,42476,1444,32310,0,0,1940,46291,831,14235,1940,60526,California
San Mateo,2021-01-29,2970,77756,1331,43807,1639,33949,0,0,2140,47607,827,15062,2143,62669,California
San Mateo,2021-01-30,3371,81127,1472,45279,1899,35848,0,0,2914,50066,456,15518,2915,65584,California
San Mateo,2021-01-31,1682,82809,896,46175,786,36634,0,0,1520,51426,160,15678,1520,67104,California
San Mateo,2021-02-01,2919,85728,1341,47516,1578,38212,0,0,2213,52937,703,16381,2214,69318,California
San Mateo,2021-02-02,3164,88892,1727,49243,1437,39649,0,0,2153,54082,1008,17389,2153,71471,California
San Mateo,2021-02-03,4871,93763,1944,51187,2927,42576,0,0,3820,56855,1048,18437,3821,75292,California
San Mateo,2021-02-04,6278,100041,2584,53771,3694,46270,0,0,4920,60426,1352,19789,4923,80215,California
San Mateo,2021-02-05,6783,106824,2551,56322,4232,50502,0,0,4959,63578,1807,21596,4959,85174,California
San Mateo,2021-02-06,3280,110104,1917,58239,1363,51865,0,0,2616,65533,663,22259,2618,87792,California
San Mateo,2021-02-07,1895,111999,1342,59581,553,52418,0,0,1708,67054,187,22446,1708,89500,California
San Mateo,2021-02-08,5272,117271,2243,61824,3029,55447,0,0,3101,68047,2108,24554,3101,92601,California
San Mateo,2021-02-09,6169,123440,3216,65040,2953,58400,0,0,3331,68544,2834,27388,3331,95932,California
San Mateo,2021-02-10,6494,129934,3271,68311,3223,61623,0,0,3541,69141,2944,30332,3541,99473,California
San Mateo,2021-02-11,7021,136955,3565,71876,3456,65079,0,0,3811,69754,3201,33533,3814,103287,California
San Mateo,2021-02-12,6614,143569,2952,74828,3662,68741,0,0,4706,72558,1904,35437,4708,107995,California
San Mateo,2021-02-13,6083,149652,3988,78816,2095,70836,0,0,2636,71751,3443,38880,2636,110631,California
San Mateo,2021-02-14,4630,154282,3017,81833,1613,72449,0,0,1979,71083,2648,41528,1980,112611,California
San Mateo,2021-02-15,3162,157444,1457,83290,1705,74154,0,0,1788,71501,1370,42898,1788,114399,California
San Mateo,2021-02-16,7140,164584,1868,85158,5272,79426,0,0,5278,74920,1861,44759,5280,119679,California
San Mateo,2021-02-17,7044,171628,1930,87088,5114,84540,0,0,5060,78003,1979,46738,5062,124741,California
San Mateo,2021-02-18,6672,178300,4617,91705,2055,86595,0,0,4436,80208,2233,48971,4438,129179,California
San Mateo,2021-02-19,7808,186108,5609,97314,2199,88794,0,0,5823,84052,1979,50950,5823,135002,California
San Mateo,2021-02-20,3727,189835,2409,99723,1318,90112,0,0,2306,84943,1415,52365,2306,137308,California
San Mateo,2021-02-21,2297,192132,1456,101179,841,90953,0,0,1252,85154,1041,53406,1252,138560,California
San Mateo,2021-02-22,4413,196545,3189,104368,1224,92177,0,0,2784,86315,1623,55029,2784,141344,California
San Mateo,2021-02-23,4281,200826,3041,107409,1240,93417,0,0,2482,87004,1793,56822,2482,143826,California
San Mateo,2021-02-24,7269,208095,3247,110656,4022,97439,0,0,4848,89436,2416,59238,4848,148674,California
San Mateo,2021-02-25,9068,217163,4004,114660,5064,102503,0,0,6007,92397,3046,62284,6007,154681,California
San Mateo,2021-02-26,9733,226896,3700,118360,6033,108536,0,0,6818,96314,2903,65187,6820,161501,California
San Mateo,2021-02-27,6670,233566,3405,121765,3264,111800,1,1,3626,96908,3039,68226,3633,165134,California
San Mateo,2021-02-28,4118,237684,2500,124265,1618,113418,0,1,2551,97897,1563,69789,2552,167686,California
San Mateo,2021-03-01,5615,243299,3511,127776,2104,115522,0,1,2775,97841,2831,72620,2775,170461,California
San Mateo,2021-03-02,5721,249020,3940,131716,1780,117302,1,2,3291,98713,2421,75041,3293,173754,California
San Mateo,2021-03-03,8232,257252,3838,135554,4393,121695,1,3,3545,97581,4678,79719,3546,177300,California
San Mateo,2021-03-04,8333,265585,3919,139473,4412,126107,2,5,3772,96810,4547,84266,3776,181076,California
San Mateo,2021-03-05,9049,274634,5969,145442,3077,129184,3,8,6393,100574,2636,86902,6400,187476,California
San Mateo,2021-03-06,7820,282454,5418,150860,2226,131410,176,184,5719,104375,2093,88995,5894,193370,California
San Mateo,2021-03-07,3460,285914,2309,153169,1084,132494,67,251,2001,104988,1455,90450,2068,195438,California
San Mateo,2021-03-08,4392,290306,2460,155629,1732,134226,200,451,3193,107189,1193,91643,3394,198832,California
San Mateo,2021-03-09,4504,294810,2102,157731,2130,136356,272,723,2972,108906,1526,93169,3243,202075,California
San Mateo,2021-03-10,6903,301713,2629,160360,3991,140347,283,1006,4562,111421,2329,95498,4844,206919,California
San Mateo,2021-03-11,9091,310804,5712,166072,2988,143335,391,1397,3691,110128,5374,100872,4081,211000,California
San Mateo,2021-03-12,10460,321264,6599,172671,3491,146826,370,1767,3486,107023,6960,107832,3855,214855,California
San Mateo,2021-03-13,8069,329333,3403,176074,3037,149863,1629,3396,3896,108379,4165,111997,5521,220376,California
San Mateo,2021-03-14,4914,334247,3293,179367,1514,151377,107,3503,2902,109381,2007,114004,3009,223385,California
San Mateo,2021-03-15,7104,341351,4566,183933,2364,153741,174,3677,3758,109971,3342,117346,3932,227317,California
San Mateo,2021-03-16,11862,353213,4352,188285,7387,161128,123,3800,4829,107907,7019,124365,4955,232272,California
San Mateo,2021-03-17,10754,363967,4355,192640,6275,167403,124,3924,4865,107032,5868,130233,4993,237265,California
San Mateo,2021-03-18,7173,371140,4015,196655,2975,170378,183,4107,4259,108564,2910,133143,4442,241707,California
San Mateo,2021-03-19,7332,378472,4704,201359,1963,172341,665,4772,3595,109093,3730,136873,4259,245966,California
San Mateo,2021-03-20,8230,386702,6422,207781,1476,173817,332,5104,5367,111944,2848,139721,5699,251665,California
San Mateo,2021-03-21,4118,390820,3115,210896,772,174589,231,5335,2322,112707,1787,141508,2550,254215,California
San Mateo,2021-03-22,5182,396002,3532,214428,1232,175821,418,5753,2832,113622,2337,143845,3252,257467,California
San Mateo,2021-03-23,9725,405727,4414,218842,5115,180936,196,5949,4628,113376,5070,148915,4824,262291,California
San Mateo,2021-03-24,9407,415134,5418,224260,3847,184783,142,6091,4087,112345,5259,154174,4228,266519,California
San Mateo,2021-03-25,9874,425008,4822,229082,4797,189580,255,6346,4339,111506,5435,159609,4596,271115,California
San Mateo,2021-03-26,11051,436059,7617,236699,3271,192851,163,6509,4397,109446,6620,166229,4560,275675,California
San Mateo,2021-03-27,10341,446400,7902,244601,2335,195186,104,6613,4614,108454,5707,171936,4715,280390,California
San Mateo,2021-03-28,4197,450597,2705,247306,1381,196567,111,6724,2095,108567,2094,174030,2207,282597,California
San Mateo,2021-03-29,5979,456576,3727,251033,2002,198569,250,6974,2835,108525,3127,177157,3085,285682,California
San Mateo,2021-03-30,7015,463591,3970,255003,2893,201462,152,7126,4452,110578,2551,179708,4604,290286,California
San Mateo,2021-03-31,7142,470733,4519,259522,2486,203948,137,7263,4062,111709,3068,182776,4199,294485,California
San Mateo,2021-04-01,10326,481059,5058,264580,4089,208037,1179,8442,5545,113683,4749,187525,6723,301208,California
San Mateo,2021-04-02,10557,491616,5043,269623,3955,211992,1559,10001,5538,115779,5001,192526,7097,308305,California
San Mateo,2021-04-03,9557,501173,5414,275037,2418,214410,1725,11726,4796,117549,4753,197279,6523,314828,California
San Mateo,2021-04-04,5289,506462,2540,277577,1543,215953,1206,12932,1659,116794,3620,200899,2865,317693,California
San Mateo,2021-04-05,8869,515331,4710,282287,2435,218388,1724,14656,3826,117310,5034,205933,5550,323243,California
San Mateo,2021-04-06,13033,528364,8151,290438,3035,221423,1847,16503,7445,121034,5576,211509,9300,332543,California
San Mateo,2021-04-07,11252,539616,5220,295658,4369,225792,1663,18166,4776,121009,6458,217967,6433,338976,California
San Mateo,2021-04-08,9819,549435,4956,300614,2352,228144,2511,20677,4386,122481,5420,223387,6892,345868,California
San Mateo,2021-04-09,10493,559928,4967,305581,3272,231416,2254,22931,4762,123778,5717,229104,7014,352882,California
San Mateo,2021-04-10,10756,570684,5346,310927,4006,235422,1404,24335,4400,123246,6334,235438,5802,358684,California
San Mateo,2021-04-11,6588,577272,3266,314193,879,236301,2443,26778,2321,123745,4262,239700,4761,363445,California
San Mateo,2021-04-12,6973,584245,4158,318351,1862,238163,953,27731,3394,124527,3566,243266,4348,367793,California
San Mateo,2021-04-13,7973,592218,4942,323293,3024,241187,7,27738,4233,125036,3734,247000,4243,372036,California
San Mateo,2021-04-14,7743,599961,4889,328182,2852,244039,2,27740,4052,125411,3683,250683,4058,376094,California
San Mateo,2021-04-15,9725,609686,6312,334494,3412,247451,1,27741,6365,128444,3340,254023,6373,382467,California
San Mateo,2021-04-16,5911,615597,3964,338458,1932,249383,15,27756,3812,130183,2092,256115,3831,386298,California
Santa Barbara,2020-12-15,2,2,2,2,0,0,0,0,2,2,0,0,2,2,California
Santa Barbara,2020-12-16,2,4,2,4,0,0,0,0,2,4,0,0,2,4,California
Santa Barbara,2020-12-17,53,57,53,57,0,0,0,0,53,57,0,0,53,57,California
Santa Barbara,2020-12-18,378,435,377,434,1,1,0,0,378,435,0,0,378,435,California
Santa Barbara,2020-12-19,325,760,325,759,0,1,0,0,325,760,0,0,325,760,California
Santa Barbara,2020-12-20,235,995,235,994,0,1,0,0,235,995,0,0,235,995,California
Santa Barbara,2020-12-21,651,1646,649,1643,2,3,0,0,651,1646,0,0,651,1646,California
Santa Barbara,2020-12-22,243,1889,241,1884,2,5,0,0,243,1889,0,0,243,1889,California
Santa Barbara,2020-12-23,320,2209,202,2086,118,123,0,0,320,2209,0,0,320,2209,California
Santa Barbara,2020-12-24,87,2296,40,2126,47,170,0,0,87,2296,0,0,87,2296,California
Santa Barbara,2020-12-26,326,2622,66,2192,260,430,0,0,326,2622,0,0,326,2622,California
Santa Barbara,2020-12-27,62,2684,1,2193,61,491,0,0,62,2684,0,0,62,2684,California
Santa Barbara,2020-12-28,355,3039,222,2415,133,624,0,0,355,3039,0,0,355,3039,California
Santa Barbara,2020-12-29,554,3593,362,2777,192,816,0,0,554,3593,0,0,554,3593,California
Santa Barbara,2020-12-30,586,4179,405,3182,181,997,0,0,586,4179,0,0,586,4179,California
Santa Barbara,2020-12-31,239,4418,113,3295,126,1123,0,0,239,4418,0,0,239,4418,California
Santa Barbara,2021-01-01,108,4526,107,3402,1,1124,0,0,108,4526,0,0,108,4526,California
Santa Barbara,2021-01-02,586,5112,223,3625,363,1487,0,0,586,5112,0,0,586,5112,California
Santa Barbara,2021-01-03,23,5135,15,3640,8,1495,0,0,23,5135,0,0,23,5135,California
Santa Barbara,2021-01-04,308,5443,245,3885,63,1558,0,0,307,5442,0,0,307,5442,California
Santa Barbara,2021-01-05,752,6195,379,4264,373,1931,0,0,725,6140,27,27,725,6167,California
Santa Barbara,2021-01-06,654,6849,275,4539,379,2310,0,0,595,6677,58,85,595,6762,California
Santa Barbara,2021-01-07,1031,7880,708,5247,323,2633,0,0,526,6702,501,586,526,7288,California
Santa Barbara,2021-01-08,1201,9081,839,6086,362,2995,0,0,707,6915,494,1080,707,7995,California
Santa Barbara,2021-01-09,566,9647,293,6379,273,3268,0,0,320,6989,246,1326,320,8315,California
Santa Barbara,2021-01-10,62,9709,50,6429,12,3280,0,0,46,7019,16,1342,46,8361,California
Santa Barbara,2021-01-11,837,10546,668,7097,169,3449,0,0,614,7411,222,1564,614,8975,California
Santa Barbara,2021-01-12,1426,11972,634,7731,792,4241,0,0,1270,8525,156,1720,1270,10245,California
Santa Barbara,2021-01-13,1227,13199,281,8012,946,5187,0,0,1101,9500,126,1846,1101,11346,California
Santa Barbara,2021-01-14,1247,14446,134,8146,1113,6300,0,0,1193,10641,53,1899,1194,12540,California
Santa Barbara,2021-01-15,1798,16244,419,8565,1379,7679,0,0,1717,12278,80,1979,1717,14257,California
Santa Barbara,2021-01-16,1272,17516,202,8767,1070,8749,0,0,1233,13473,38,2017,1233,15490,California
Santa Barbara,2021-01-17,123,17639,20,8787,103,8852,0,0,120,13590,3,2020,120,15610,California
Santa Barbara,2021-01-18,1146,18785,417,9204,729,9581,0,0,961,14366,185,2205,961,16571,California
Santa Barbara,2021-01-19,1635,20420,566,9770,1069,10650,0,0,1356,15444,278,2483,1356,17927,California
Santa Barbara,2021-01-20,1987,22407,445,10215,1542,12192,0,0,1694,16846,292,2775,1694,19621,California
Santa Barbara,2021-01-21,3086,25493,1819,12034,1267,13459,0,0,2931,19623,155,2930,2932,22553,California
Santa Barbara,2021-01-22,2999,28492,1851,13885,1148,14607,0,0,2854,22335,142,3072,2854,25407,California
Santa Barbara,2021-01-23,1735,30227,1106,14991,629,15236,0,0,1226,23053,508,3580,1226,26633,California
Santa Barbara,2021-01-24,843,31070,752,15743,91,15327,0,0,835,23880,8,3588,835,27468,California
Santa Barbara,2021-01-25,1238,32308,500,16243,738,16065,0,0,1001,24644,237,3825,1001,28469,California
Santa Barbara,2021-01-26,2038,34346,462,16705,1576,17641,0,0,1654,25916,382,4207,1654,30123,California
Santa Barbara,2021-01-27,1156,35502,398,17103,758,18399,0,0,899,26560,256,4463,900,31023,California
Santa Barbara,2021-01-28,891,36393,295,17398,596,18995,0,0,678,27028,210,4673,678,31701,California
Santa Barbara,2021-01-29,1331,37724,538,17936,793,19788,0,0,979,27660,349,5022,981,32682,California
Santa Barbara,2021-01-30,1890,39614,1418,19354,472,20260,0,0,1486,28745,401,5423,1486,34168,California
Santa Barbara,2021-01-31,1456,41070,1218,20572,238,20498,0,0,1417,30123,39,5462,1417,35585,California
Santa Barbara,2021-02-01,935,42005,517,21089,418,20916,0,0,548,30284,387,5849,548,36133,California
Santa Barbara,2021-02-02,1816,43821,699,21788,1117,22033,0,0,1041,30552,773,6622,1041,37174,California
Santa Barbara,2021-02-03,1943,45764,1079,22867,864,22897,0,0,1501,31621,432,7054,1501,38675,California
Santa Barbara,2021-02-04,2776,48540,1861,24728,915,23812,0,0,2481,33812,290,7344,2481,41156,California
Santa Barbara,2021-02-05,2905,51445,2060,26788,845,24657,0,0,2262,35432,642,7986,2262,43418,California
Santa Barbara,2021-02-06,1206,52651,338,27126,868,25525,0,0,795,35816,411,8397,795,44213,California
Santa Barbara,2021-02-07,298,52949,262,27388,36,25561,0,0,264,36047,33,8430,264,44477,California
Santa Barbara,2021-02-08,956,53905,312,27700,644,26205,0,0,670,36431,286,8716,670,45147,California
Santa Barbara,2021-02-09,2442,56347,314,28014,2128,28333,0,0,1122,36242,1311,10027,1122,46269,California
Santa Barbara,2021-02-10,2757,59104,1494,29508,1263,29596,0,0,800,35093,1949,11976,800,47069,California
Santa Barbara,2021-02-11,4176,63280,2804,32312,1372,30968,0,0,619,32160,3552,15528,619,47688,California
Santa Barbara,2021-02-12,3304,66584,948,33260,2356,33324,0,0,772,30405,2527,18055,772,48460,California
Santa Barbara,2021-02-13,1237,67821,341,33601,896,34220,0,0,562,30295,672,18727,562,49022,California
Santa Barbara,2021-02-14,331,68152,34,33635,297,34517,0,0,285,30534,46,18773,285,49307,California
Santa Barbara,2021-02-15,962,69114,337,33972,625,35142,0,0,490,30556,468,19241,490,49797,California
Santa Barbara,2021-02-16,2108,71222,395,34367,1713,36855,0,0,718,29888,1386,20627,718,50515,California
Santa Barbara,2021-02-17,1429,72651,316,34683,1113,37968,0,0,515,29491,912,21539,515,51030,California
Santa Barbara,2021-02-18,3250,75901,2646,37329,604,38572,0,0,1520,29315,1696,23235,1520,52550,California
Santa Barbara,2021-02-19,3602,79503,2648,39977,954,39526,0,0,2333,30382,1266,24501,2333,54883,California
Santa Barbara,2021-02-20,2219,81722,1432,41409,787,40313,0,0,1667,31506,543,25044,1667,56550,California
Santa Barbara,2021-02-21,124,81846,97,41506,27,40340,0,0,57,31496,67,25111,57,56607,California
Santa Barbara,2021-02-22,933,82779,242,41748,691,41031,0,0,261,31091,666,25777,261,56868,California
Santa Barbara,2021-02-23,3182,85961,1044,42792,2138,43169,0,0,421,28753,2759,28536,421,57289,California
Santa Barbara,2021-02-24,3193,89154,1088,43880,2105,45274,0,0,721,27011,2463,30999,721,58010,California
Santa Barbara,2021-02-25,3450,92604,1915,45795,1535,46809,0,0,985,25539,2458,33457,986,58996,California
Santa Barbara,2021-02-26,3661,96265,2173,47968,1488,48297,0,0,1979,25842,1676,35133,1979,60975,California
Santa Barbara,2021-02-27,1527,97792,561,48529,966,49263,0,0,846,26015,675,35808,848,61823,California
Santa Barbara,2021-02-28,1080,98872,218,48747,862,50125,0,0,890,26720,186,35994,891,62714,California
Santa Barbara,2021-03-01,1617,100489,457,49204,1160,51285,0,0,1079,27267,533,36527,1080,63794,California
Santa Barbara,2021-03-02,2593,103082,398,49602,2195,53480,0,0,2106,28897,477,37004,2107,65901,California
Santa Barbara,2021-03-03,4619,107701,2090,51692,2528,56008,1,1,4028,32348,581,37585,4032,69933,California
Santa Barbara,2021-03-04,3397,111098,2274,53966,1123,57131,0,1,2848,34653,543,38128,2848,72781,California
Santa Barbara,2021-03-05,3797,114895,2150,56116,1588,58719,59,60,3076,37073,715,38843,3135,75916,California
Santa Barbara,2021-03-06,2436,117331,724,56840,1493,60212,219,279,1672,38202,761,39604,1890,77806,California
Santa Barbara,2021-03-07,556,117887,122,56962,306,60518,128,407,380,38536,175,39779,509,78315,California
Santa Barbara,2021-03-08,1572,119459,374,57336,856,61374,342,749,792,38896,774,40553,1134,79449,California
Santa Barbara,2021-03-09,2762,122221,323,57659,1670,63044,769,1518,715,38333,2044,42597,1481,80930,California
Santa Barbara,2021-03-10,2747,124968,540,58199,1160,64204,1047,2565,1029,38696,1713,44310,2076,83006,California
Santa Barbara,2021-03-11,5566,130534,3031,61230,1423,65627,1112,3677,2274,38799,3281,47591,3384,86390,California
Santa Barbara,2021-03-12,3640,134174,2089,63319,1125,66752,426,4103,2169,39930,1464,49055,2595,88985,California
Santa Barbara,2021-03-13,3461,137635,1915,65234,1337,68089,209,4312,2691,42062,769,49824,2901,91886,California
Santa Barbara,2021-03-14,769,138404,363,65597,349,68438,57,4369,451,42252,318,50142,508,92394,California
Santa Barbara,2021-03-15,2099,140503,695,66292,1114,69552,290,4659,1264,42972,832,50974,1552,93946,California
Santa Barbara,2021-03-16,3713,144216,1167,67459,2205,71757,341,5000,2731,45065,979,51953,3072,97018,California
Santa Barbara,2021-03-17,3278,147494,969,68428,1910,73667,399,5399,2294,46775,982,52935,2692,99710,California
Santa Barbara,2021-03-18,4330,151824,2791,71219,1339,75006,200,5599,3131,48917,1189,54124,3331,103041,California
Santa Barbara,2021-03-19,4425,156249,2761,73980,1333,76339,331,5930,3034,50897,1385,55509,3365,106406,California
Santa Barbara,2021-03-20,2149,158398,821,74801,1319,77658,9,5939,1315,51389,832,56341,1324,107730,California
Santa Barbara,2021-03-21,1148,159546,380,75181,739,78397,29,5968,826,51924,320,56661,855,108585,California
Santa Barbara,2021-03-22,2764,162310,1906,77087,815,79212,43,6011,2215,53639,543,57204,2258,110843,California
Santa Barbara,2021-03-23,4446,166756,2235,79322,2115,81327,96,6107,3689,56676,748,57952,3785,114628,California
Santa Barbara,2021-03-24,5367,172123,3143,82465,1491,82818,733,6840,2942,57944,2406,60358,3674,118302,California
Santa Barbara,2021-03-25,5489,177612,3262,85727,2046,84864,181,7021,2739,58128,2736,63094,2920,121222,California
Santa Barbara,2021-03-26,5060,182672,3212,88939,1551,86415,297,7318,2225,57832,2818,65912,2522,123744,California
Santa Barbara,2021-03-27,2927,185599,1222,90161,1663,88078,42,7360,1595,58141,1327,67239,1636,125380,California
Santa Barbara,2021-03-28,2766,188365,1647,91808,1091,89169,28,7388,1887,59180,876,68115,1915,127295,California
Santa Barbara,2021-03-29,4039,192404,2088,93896,1882,91051,69,7457,3234,61683,800,68915,3303,130598,California
Santa Barbara,2021-03-30,6775,199179,3500,97396,3128,94179,147,7604,4556,64180,2205,71120,4702,135300,California
Santa Barbara,2021-03-31,8616,207795,5489,102885,3063,97242,64,7668,5057,65758,3544,74664,5122,140422,California
Santa Barbara,2021-04-01,6879,214674,5074,107959,1547,98789,258,7926,4043,67233,2824,77488,4299,144721,California
Santa Barbara,2021-04-02,6590,221264,4524,112483,1474,100263,592,8518,3381,68003,3202,80690,3972,148693,California
Santa Barbara,2021-04-03,3783,225047,2100,114583,1615,101878,68,8586,2490,69271,1289,81979,2557,151250,California
Santa Barbara,2021-04-04,891,225938,441,115024,412,102290,38,8624,495,69410,394,82373,533,151783,California
Santa Barbara,2021-04-05,3434,229372,2264,117288,914,103204,256,8880,2145,70528,1284,83657,2402,154185,California
Santa Barbara,2021-04-06,5445,234817,2815,120103,2095,105299,535,9415,3335,72300,2095,85752,3867,158052,California
Santa Barbara,2021-04-07,5978,240795,3282,123385,2155,107454,541,9956,4084,75038,1883,87635,4621,162673,California
Santa Barbara,2021-04-08,7376,248171,5026,128411,635,108089,1715,11671,3412,76201,3961,91596,5124,167797,California
Santa Barbara,2021-04-09,7211,255382,4843,133254,1031,109120,1337,13008,3277,76887,3924,95520,4610,172407,California
Santa Barbara,2021-04-10,6614,261996,4598,137852,1406,110526,610,13618,4516,79919,2094,97614,5126,177533,California
Santa Barbara,2021-04-11,2660,264656,1949,139801,413,110939,298,13916,1840,81238,816,98430,2135,179668,California
Santa Barbara,2021-04-12,4371,269027,2799,142600,1020,111959,552,14468,1873,81170,2490,100920,2422,182090,California
Santa Barbara,2021-04-13,6274,275301,4126,146726,2137,114096,11,14479,2603,80116,3667,104587,2613,184703,California
Santa Barbara,2021-04-14,6384,281685,4120,150846,2262,116358,2,14481,3955,81652,2420,107007,3956,188659,California
Santa Barbara,2021-04-15,4980,286665,3564,154410,1416,117774,0,14481,2810,82298,2164,109171,2810,191469,California
Santa Barbara,2021-04-16,2998,289663,1298,155708,1698,119472,2,14483,1764,82834,1229,110400,1765,193234,California
Santa Clara,2020-12-15,64,64,64,64,0,0,0,0,64,64,0,0,64,64,California
Santa Clara,2020-12-16,136,200,136,200,0,0,0,0,136,200,0,0,136,200,California
Santa Clara,2020-12-17,388,588,388,588,0,0,0,0,388,588,0,0,388,588,California
Santa Clara,2020-12-18,1670,2258,1670,2258,0,0,0,0,1670,2258,0,0,1670,2258,California
Santa Clara,2020-12-19,2073,4331,2073,4331,0,0,0,0,2072,4330,0,0,2072,4330,California
Santa Clara,2020-12-20,1899,6230,1893,6224,6,6,0,0,1896,6226,0,0,1896,6226,California
Santa Clara,2020-12-21,2669,8899,2669,8893,0,6,0,0,2667,8893,0,0,2667,8893,California
Santa Clara,2020-12-22,3121,12020,3112,12005,9,15,0,0,3118,12011,0,0,3118,12011,California
Santa Clara,2020-12-23,3256,15276,3071,15076,185,200,0,0,3254,15265,0,0,3254,15265,California
Santa Clara,2020-12-24,1898,17174,1711,16787,187,387,0,0,1892,17156,1,1,1892,17157,California
Santa Clara,2020-12-25,343,17517,342,17129,1,388,0,0,343,17499,0,1,343,17500,California
Santa Clara,2020-12-26,1262,18779,1030,18159,232,620,0,0,1261,18760,0,1,1261,18761,California
Santa Clara,2020-12-27,646,19425,507,18666,139,759,0,0,646,19406,0,1,646,19407,California
Santa Clara,2020-12-28,2331,21756,1729,20395,602,1361,0,0,2331,21737,0,1,2331,21738,California
Santa Clara,2020-12-29,2326,24082,1465,21860,861,2222,0,0,2324,24061,0,1,2324,24062,California
Santa Clara,2020-12-30,2989,27071,1899,23759,1090,3312,0,0,2987,27046,2,3,2987,27049,California
Santa Clara,2020-12-31,1211,28282,389,24148,822,4134,0,0,1210,28255,1,4,1210,28259,California
Santa Clara,2021-01-01,137,28419,7,24155,130,4264,0,0,137,28392,0,4,137,28396,California
Santa Clara,2021-01-02,1080,29499,812,24967,268,4532,0,0,1080,29472,0,4,1080,29476,California
Santa Clara,2021-01-03,584,30083,369,25336,215,4747,0,0,579,30048,3,7,579,30055,California
Santa Clara,2021-01-04,2467,32550,1665,27001,802,5549,0,0,2465,32513,0,7,2465,32520,California
Santa Clara,2021-01-05,3055,35605,1999,29000,1056,6605,0,0,2868,35200,186,193,2873,35393,California
Santa Clara,2021-01-06,3315,38920,1952,30952,1363,7968,0,0,2740,37370,571,764,2741,38134,California
Santa Clara,2021-01-07,4213,43133,2553,33505,1660,9628,0,0,3148,39468,1055,1819,3153,41287,California
Santa Clara,2021-01-08,5837,48970,3816,37321,2021,11649,0,0,3787,41209,2046,3865,3787,45074,California
Santa Clara,2021-01-09,2966,51936,1859,39180,1107,12756,0,0,1685,41615,1281,5146,1687,46761,California
Santa Clara,2021-01-10,1951,53887,1508,40688,443,13199,0,0,741,41147,1209,6355,741,47502,California
Santa Clara,2021-01-11,5933,59820,3732,44420,2201,15400,0,0,3373,41966,2559,8914,3378,50880,California
Santa Clara,2021-01-12,6796,66616,3395,47815,3401,18801,0,0,4557,44287,2237,11151,4558,55438,California
Santa Clara,2021-01-13,7359,73975,3036,50851,4323,23124,0,0,5194,47319,2163,13314,5195,60633,California
Santa Clara,2021-01-14,8227,82202,2790,53641,5437,28561,0,0,6489,52076,1733,15047,6490,67123,California
Santa Clara,2021-01-15,9441,91643,2678,56319,6763,35324,0,0,8127,58897,1311,16358,8132,75255,California
Santa Clara,2021-01-16,4294,95937,1220,57539,3074,38398,0,0,3463,61533,827,17185,3463,78718,California
Santa Clara,2021-01-17,3212,99149,600,58139,2612,41010,0,0,2716,63753,496,17681,2716,81434,California
Santa Clara,2021-01-18,5089,104238,1152,59291,3937,44947,0,0,4536,67737,553,18234,4537,85971,California
Santa Clara,2021-01-19,8453,112691,2655,61946,5798,50745,0,0,6778,72846,1672,19906,6781,92752,California
Santa Clara,2021-01-20,7990,120681,4016,65962,3974,54719,0,0,6451,77763,1534,21440,6451,99203,California
Santa Clara,2021-01-21,8538,129219,3630,69592,4908,59627,0,0,7388,84005,1148,22588,7390,106593,California
Santa Clara,2021-01-22,8577,137796,3200,72792,5377,65004,0,0,8013,91457,563,23151,8015,114608,California
Santa Clara,2021-01-23,3776,141572,1684,74476,2092,67096,0,0,2819,93320,957,24108,2820,117428,California
Santa Clara,2021-01-24,2823,144395,1420,75896,1403,68499,0,0,2336,95171,485,24593,2336,119764,California
Santa Clara,2021-01-25,8357,152752,3776,79672,4581,73080,0,0,6304,99433,2046,26639,6308,126072,California
Santa Clara,2021-01-26,8223,160975,3754,83426,4469,77549,0,0,6115,103452,2098,28737,6117,132189,California
Santa Clara,2021-01-27,8697,169672,3820,87246,4877,82426,0,0,6781,108339,1895,30632,6782,138971,California
Santa Clara,2021-01-28,9408,179080,3768,91014,5640,88066,0,0,7463,113881,1925,32557,7467,146438,California
Santa Clara,2021-01-29,9470,188550,3915,94929,5555,93621,0,0,7310,119041,2151,34708,7311,153749,California
Santa Clara,2021-01-30,4161,192711,2056,96985,2105,95726,0,0,2960,120806,1196,35904,2961,156710,California
Santa Clara,2021-01-31,2168,194879,1301,98286,867,96593,0,0,1579,121799,586,36490,1579,158289,California
Santa Clara,2021-02-01,7829,202708,3479,101765,4350,100943,0,0,6140,126257,1683,38173,6141,164430,California
Santa Clara,2021-02-02,8075,210783,2866,104631,5209,106152,0,0,6089,130367,1982,40155,6092,170522,California
Santa Clara,2021-02-03,9189,219972,3480,108111,5709,111861,0,0,6920,135029,2264,42419,6926,177448,California
Santa Clara,2021-02-04,10559,230531,4111,112222,6448,118309,0,0,8280,141043,2269,44688,8283,185731,California
Santa Clara,2021-02-05,11897,242428,4337,116559,7560,125869,0,0,8442,146046,3440,48128,8443,194174,California
Santa Clara,2021-02-06,5167,247595,2805,119364,2362,128231,0,0,4008,148901,1155,49283,4010,198184,California
Santa Clara,2021-02-07,3472,251067,2347,121711,1125,129356,0,0,3022,151476,448,49731,3023,201207,California
Santa Clara,2021-02-08,10001,261068,3477,125188,6524,135880,0,0,7291,156072,2696,52427,7292,208499,California
Santa Clara,2021-02-09,10776,271844,3805,128993,6971,142851,0,0,7303,159915,3463,55890,7306,215805,California
Santa Clara,2021-02-10,12626,284470,4894,133887,7732,150583,0,0,6905,161114,5708,61598,6907,222712,California
Santa Clara,2021-02-11,13156,297626,4630,138517,8526,159109,0,0,7418,162809,5724,67322,7419,230131,California
Santa Clara,2021-02-12,14518,312144,4475,142992,10043,169152,0,0,7005,162322,7494,74816,7007,237138,California
Santa Clara,2021-02-13,6067,318211,1446,144438,4621,173773,0,0,2214,160690,3848,78664,2216,239354,California
Santa Clara,2021-02-14,4611,322822,1138,145576,3473,177246,0,0,1470,159022,3140,81804,1472,240826,California
Santa Clara,2021-02-15,6237,329059,2789,148365,3448,180694,0,0,2697,158185,3534,85338,2697,243523,California
Santa Clara,2021-02-16,13568,342627,3985,152350,9583,190277,0,0,6743,158120,6808,92146,6743,250266,California
Santa Clara,2021-02-17,14050,356677,5483,157833,8567,198844,0,0,7040,158172,6993,99139,7045,257311,California
Santa Clara,2021-02-18,13694,370371,8346,166179,5348,204192,0,0,7004,158511,6668,105807,7007,264318,California
Santa Clara,2021-02-19,14668,385039,9508,175687,5160,209352,0,0,8495,160851,6159,111966,8499,272817,California
Santa Clara,2021-02-20,6806,391845,5092,180779,1714,211066,0,0,3671,161395,3127,115093,3671,276488,California
Santa Clara,2021-02-21,3238,395083,2423,183202,815,211881,0,0,1160,160486,2071,117164,1162,277650,California
Santa Clara,2021-02-22,10126,405209,6068,189270,4058,215939,0,0,4728,159827,5388,122552,4729,282379,California
Santa Clara,2021-02-23,11822,417031,7688,196958,4134,220073,0,0,6696,161414,5114,127666,6701,289080,California
Santa Clara,2021-02-24,14093,431124,9082,206040,5011,225084,0,0,8727,164790,5351,133017,8727,297807,California
Santa Clara,2021-02-25,14063,445187,9215,215255,4848,229932,0,0,7652,166054,6393,139410,7657,305464,California
Santa Clara,2021-02-26,14538,459725,8429,223684,6109,236041,0,0,7995,167534,6518,145928,7998,313462,California
Santa Clara,2021-02-27,8038,467763,5487,229171,2550,238591,1,1,4446,168406,3582,149510,4454,317916,California
Santa Clara,2021-02-28,4710,472473,3061,232232,1649,240240,0,1,2202,168108,2500,152010,2202,320118,California
Santa Clara,2021-03-01,14038,486511,7955,240187,6082,246322,1,2,8678,171447,5340,157350,8679,328797,California
Santa Clara,2021-03-02,13735,500246,8228,248415,5507,251829,0,2,9171,176075,4545,161895,9173,337970,California
Santa Clara,2021-03-03,18011,518257,8870,257285,9140,260969,1,3,11079,180266,6895,168790,11086,349056,California
Santa Clara,2021-03-04,15696,533953,8895,266180,6798,267767,3,6,9229,183068,6431,175221,9233,358289,California
Santa Clara,2021-03-05,16171,550124,9111,275291,6935,274702,125,131,8875,184794,7278,182499,9004,367293,California
Santa Clara,2021-03-06,9326,559450,6260,281551,2631,277333,435,566,7045,190003,2269,184768,7478,374771,California
Santa Clara,2021-03-07,6708,566158,4402,285953,2077,279410,229,795,5350,194232,1350,186118,5579,380350,California
Santa Clara,2021-03-08,12826,578984,6679,292632,5587,284997,560,1355,8214,198413,4595,190713,8776,389126,California
Santa Clara,2021-03-09,14396,593380,6197,298829,6873,291870,1326,2681,6373,198105,8006,198719,7698,396824,California
Santa Clara,2021-03-10,14764,608144,6455,305284,6384,298254,1925,4606,6059,197395,8682,207401,7972,404796,California
Santa Clara,2021-03-11,16434,624578,7720,313004,7217,305471,1497,6103,5677,193827,10732,218133,7164,411960,California
Santa Clara,2021-03-12,17543,642121,9045,322049,6928,312399,1570,7673,5927,189739,11577,229710,7489,419449,California
Santa Clara,2021-03-13,10578,652699,6099,328148,2997,315396,1482,9155,4672,190002,5883,235593,6146,425595,California
Santa Clara,2021-03-14,6461,659160,3340,331488,1819,317215,1302,10457,3188,191227,3259,238852,4484,430079,California
Santa Clara,2021-03-15,12646,671806,6432,337920,5947,323162,267,10724,5882,190634,6744,245596,6151,436230,California
Santa Clara,2021-03-16,17549,689355,10233,348153,7111,330273,205,10929,8485,190283,9039,254635,8688,444918,California
Santa Clara,2021-03-17,19597,708952,11181,359334,8252,338525,164,11093,10108,191114,9441,264076,10272,455190,California
Santa Clara,2021-03-18,18236,727188,8834,368168,8245,346770,1157,12250,8493,191069,9694,273770,9649,464839,California
Santa Clara,2021-03-19,19062,746250,9796,377964,8269,355039,997,13247,9958,192971,9048,282818,10950,475789,California
Santa Clara,2021-03-20,11429,757679,6271,384235,4329,359368,829,14076,6720,195834,4682,287500,7545,483334,California
Santa Clara,2021-03-21,8232,765911,3710,387945,3122,362490,1400,15476,5517,200040,2705,290205,6911,490245,California
Santa Clara,2021-03-22,15960,781871,9025,396970,6591,369081,344,15820,9138,202724,6798,297003,9482,499727,California
Santa Clara,2021-03-23,19066,800937,12130,409100,6423,375504,513,16333,11449,207113,7574,304577,11963,511690,California
Santa Clara,2021-03-24,22243,823180,14408,423508,7424,382928,411,16744,14500,214322,7704,312281,14913,526603,California
Santa Clara,2021-03-25,22619,845799,12956,436464,8684,391612,979,17723,14716,222169,7842,320123,15689,542292,California
Santa Clara,2021-03-26,21669,867468,13806,450270,7481,399093,382,18105,13393,227696,8244,328367,13771,556063,California
Santa Clara,2021-03-27,15553,883021,10342,460612,4449,403542,762,18867,8382,229704,7136,335503,9144,565207,California
Santa Clara,2021-03-28,11956,894977,8260,468872,2983,406525,713,19580,6463,231407,5471,340974,7174,572381,California
Santa Clara,2021-03-29,20428,915405,12534,481406,7170,413695,724,20304,11191,234120,9199,350173,11912,584293,California
Santa Clara,2021-03-30,25364,940769,15112,496518,8342,422037,1910,22214,16564,243826,8763,358936,18469,602762,California
Santa Clara,2021-03-31,20200,960969,11715,508233,7364,429401,1121,23335,12768,250307,7402,366338,13883,616645,California
Santa Clara,2021-04-01,31281,992250,19574,527807,8725,438126,2982,26317,19946,261950,11280,377618,22923,639568,California
Santa Clara,2021-04-02,24844,1017094,14180,541987,8556,446682,2108,28425,16398,272039,8413,386031,18502,658070,California
Santa Clara,2021-04-03,15012,1032106,9108,551095,3433,450115,2471,30896,8316,276143,6675,392706,10779,668849,California
Santa Clara,2021-04-04,7504,1039610,3987,555082,2402,452517,1115,32011,3914,277589,3582,396288,5028,673877,California
Santa Clara,2021-04-05,21377,1060987,14244,569326,4703,457220,2430,34441,13922,286509,7431,403719,16351,690228,California
Santa Clara,2021-04-06,28983,1089970,15871,585197,7708,464928,5404,39845,17510,297984,11430,415149,22905,713133,California
Santa Clara,2021-04-07,30095,1120065,15681,600878,8301,473229,6113,45958,18537,311117,11505,426654,24638,737771,California
Santa Clara,2021-04-08,27851,1147916,15641,616519,5505,478734,6705,52663,15559,321140,12226,438880,22249,760020,California
Santa Clara,2021-04-09,26864,1174780,13181,629700,6734,485468,6949,59612,13710,328680,13101,451981,20641,780661,California
Santa Clara,2021-04-10,20913,1195693,12046,641746,3706,489174,5161,64773,11167,335265,9715,461696,16300,796961,California
Santa Clara,2021-04-11,15859,1211552,9473,651219,2624,491798,3762,68535,8194,339579,7633,469329,11947,808908,California
Santa Clara,2021-04-12,25972,1237524,18127,669346,5476,497274,2369,70904,17620,351268,8299,477628,19988,828896,California
Santa Clara,2021-04-13,32302,1269826,25670,695016,6606,503880,26,70930,25282,369649,6948,484576,25329,854225,California
Santa Clara,2021-04-14,31413,1301239,23378,718394,8032,511912,3,70933,22975,384274,8381,492957,23006,877231,California
Santa Clara,2021-04-15,26938,1328177,19461,737855,7476,519388,1,70934,19489,396414,7387,500344,19527,896758,California
Santa Clara,2021-04-16,11249,1339426,6640,744495,4602,523990,7,70941,7479,400165,3747,504091,7498,904256,California
Santa Cruz,2020-12-15,2,2,2,2,0,0,0,0,2,2,0,0,2,2,California
Santa Cruz,2020-12-16,57,59,57,59,0,0,0,0,57,59,0,0,57,59,California
Santa Cruz,2020-12-17,389,448,389,448,0,0,0,0,389,448,0,0,389,448,California
Santa Cruz,2020-12-18,465,913,465,913,0,0,0,0,465,913,0,0,465,913,California
Santa Cruz,2020-12-19,178,1091,177,1090,1,1,0,0,178,1091,0,0,178,1091,California
Santa Cruz,2020-12-20,95,1186,95,1185,0,1,0,0,95,1186,0,0,95,1186,California
Santa Cruz,2020-12-21,434,1620,434,1619,0,1,0,0,434,1620,0,0,434,1620,California
Santa Cruz,2020-12-22,424,2044,423,2042,1,2,0,0,424,2044,0,0,424,2044,California
Santa Cruz,2020-12-23,371,2415,329,2371,42,44,0,0,371,2415,0,0,371,2415,California
Santa Cruz,2020-12-24,125,2540,49,2420,76,120,0,0,125,2540,0,0,125,2540,California
Santa Cruz,2020-12-25,11,2551,11,2431,0,120,0,0,11,2551,0,0,11,2551,California
Santa Cruz,2020-12-26,64,2615,45,2476,19,139,0,0,64,2615,0,0,64,2615,California
Santa Cruz,2020-12-27,32,2647,27,2503,5,144,0,0,32,2647,0,0,32,2647,California
Santa Cruz,2020-12-28,484,3131,108,2611,376,520,0,0,484,3131,0,0,484,3131,California
Santa Cruz,2020-12-29,798,3929,370,2981,428,948,0,0,798,3929,0,0,798,3929,California
Santa Cruz,2020-12-30,356,4285,164,3145,192,1140,0,0,356,4285,0,0,356,4285,California
Santa Cruz,2020-12-31,313,4598,11,3156,302,1442,0,0,313,4598,0,0,313,4598,California
Santa Cruz,2021-01-01,33,4631,1,3157,32,1474,0,0,33,4631,0,0,33,4631,California
Santa Cruz,2021-01-02,71,4702,57,3214,14,1488,0,0,71,4702,0,0,71,4702,California
Santa Cruz,2021-01-03,15,4717,7,3221,8,1496,0,0,15,4717,0,0,15,4717,California
Santa Cruz,2021-01-04,281,4998,123,3344,158,1654,0,0,279,4996,0,0,279,4996,California
Santa Cruz,2021-01-05,566,5564,428,3772,138,1792,0,0,264,4958,302,302,264,5260,California
Santa Cruz,2021-01-06,803,6367,670,4442,133,1925,0,0,465,5086,337,639,465,5725,California
Santa Cruz,2021-01-07,540,6907,212,4654,328,2253,0,0,387,5321,153,792,388,6113,California
Santa Cruz,2021-01-08,934,7841,561,5215,373,2626,0,0,486,5360,448,1240,487,6600,California
Santa Cruz,2021-01-09,463,8304,123,5338,340,2966,0,0,409,5715,54,1294,409,7009,California
Santa Cruz,2021-01-10,80,8384,70,5408,10,2976,0,0,21,5677,59,1353,21,7030,California
Santa Cruz,2021-01-11,723,9107,588,5996,135,3111,0,0,192,5338,531,1884,192,7222,California
Santa Cruz,2021-01-12,736,9843,532,6528,204,3315,0,0,493,5588,243,2127,493,7715,California
Santa Cruz,2021-01-13,522,10365,228,6756,294,3609,0,0,438,5945,81,2208,438,8153,California
Santa Cruz,2021-01-14,553,10918,101,6857,452,4061,0,0,487,6366,66,2274,487,8640,California
Santa Cruz,2021-01-15,1459,12377,77,6934,1382,5443,0,0,1395,7699,63,2337,1396,10036,California
Santa Cruz,2021-01-16,426,12803,54,6988,372,5815,0,0,407,8087,19,2356,407,10443,California
Santa Cruz,2021-01-17,297,13100,41,7029,256,6071,0,0,272,8334,25,2381,272,10715,California
Santa Cruz,2021-01-18,1016,14116,105,7134,911,6982,0,0,954,9226,62,2443,954,11669,California
Santa Cruz,2021-01-19,1623,15739,524,7658,1099,8081,0,0,1270,10146,351,2794,1271,12940,California
Santa Cruz,2021-01-20,1236,16975,184,7842,1052,9133,0,0,1039,10991,194,2988,1039,13979,California
Santa Cruz,2021-01-21,1710,18685,200,8042,1510,10643,0,0,1602,12487,108,3096,1604,15583,California
Santa Cruz,2021-01-22,1797,20482,532,8574,1265,11908,0,0,1696,14086,98,3194,1697,17280,California
Santa Cruz,2021-01-23,402,20884,147,8721,255,12163,0,0,342,14369,59,3253,342,17622,California
Santa Cruz,2021-01-24,116,21000,21,8742,95,12258,0,0,98,14449,18,3271,98,17720,California
Santa Cruz,2021-01-25,1059,22059,359,9101,700,12958,0,0,549,14488,510,3781,549,18269,California
Santa Cruz,2021-01-26,1690,23749,247,9348,1443,14401,0,0,1178,15154,512,4293,1178,19447,California
Santa Cruz,2021-01-27,1652,25401,448,9796,1204,15605,0,0,1268,16040,382,4675,1268,20715,California
Santa Cruz,2021-01-28,1746,27147,292,10088,1454,17059,0,0,1470,17235,276,4951,1471,22186,California
Santa Cruz,2021-01-29,1734,28881,489,10577,1245,18304,0,0,1604,18710,129,5080,1604,23790,California
Santa Cruz,2021-01-30,1059,29940,308,10885,751,19055,0,0,926,19503,133,5213,926,24716,California
Santa Cruz,2021-01-31,219,30159,113,10998,106,19161,0,0,205,19694,14,5227,205,24921,California
Santa Cruz,2021-02-01,1232,31391,759,11757,473,19634,0,0,826,20114,406,5633,826,25747,California
Santa Cruz,2021-02-02,1007,32398,128,11885,879,20513,0,0,852,20812,154,5787,852,26599,California
Santa Cruz,2021-02-03,2228,34626,955,12840,1273,21786,0,0,1913,22414,311,6098,1913,28512,California
Santa Cruz,2021-02-04,1842,36468,771,13611,1071,22857,0,0,1505,23583,336,6434,1505,30017,California
Santa Cruz,2021-02-05,3172,39640,795,14406,2377,25234,0,0,2853,26118,318,6752,2853,32870,California
Santa Cruz,2021-02-06,2584,42224,164,14570,2420,27654,0,0,2236,28006,348,7100,2236,35106,California
Santa Cruz,2021-02-07,908,43132,122,14692,786,28440,0,0,890,28878,18,7118,890,35996,California
Santa Cruz,2021-02-08,716,43848,203,14895,513,28953,0,0,516,29195,199,7317,516,36512,California
Santa Cruz,2021-02-09,2370,46218,1055,15950,1315,30268,0,0,2105,31039,261,7578,2105,38617,California
Santa Cruz,2021-02-10,2200,48418,581,16531,1619,31887,0,0,1501,31850,691,8269,1502,40119,California
Santa Cruz,2021-02-11,1854,50272,317,16848,1537,33424,0,0,1329,32656,523,8792,1329,41448,California
Santa Cruz,2021-02-12,3218,53490,420,17268,2798,36222,0,0,1808,33065,1402,10194,1811,43259,California
Santa Cruz,2021-02-13,1708,55198,124,17392,1584,37806,0,0,1295,33947,413,10607,1295,44554,California
Santa Cruz,2021-02-14,1402,56600,70,17462,1332,39138,0,0,1138,34821,264,10871,1138,45692,California
Santa Cruz,2021-02-15,1583,58183,279,17741,1304,40442,0,0,566,34371,1017,11888,567,46259,California
Santa Cruz,2021-02-16,1695,59878,204,17945,1491,41933,0,0,537,33771,1137,13025,537,46796,California
Santa Cruz,2021-02-17,2917,62795,973,18918,1944,43877,0,0,1220,33310,1684,14709,1223,48019,California
Santa Cruz,2021-02-18,2880,65675,638,19556,2242,46119,0,0,1230,32894,1646,16355,1230,49249,California
Santa Cruz,2021-02-19,3265,68940,1144,20700,2121,48240,0,0,2007,33644,1257,17612,2007,51256,California
Santa Cruz,2021-02-20,2384,71324,1499,22199,885,49125,0,0,1890,35040,494,18106,1890,53146,California
Santa Cruz,2021-02-21,826,72150,360,22559,466,49591,0,0,700,35616,124,18230,700,53846,California
Santa Cruz,2021-02-22,1260,73410,969,23528,291,49882,0,0,537,35432,721,18951,537,54383,California
Santa Cruz,2021-02-23,2096,75506,937,24465,1159,51041,0,0,708,34753,1387,20338,708,55091,California
Santa Cruz,2021-02-24,3182,78688,1661,26126,1521,52562,0,0,1204,33983,1974,22312,1204,56295,California
Santa Cruz,2021-02-25,3237,81925,1432,27558,1805,54367,0,0,1781,34315,1449,23761,1781,58076,California
Santa Cruz,2021-02-26,2720,84645,763,28321,1957,56324,0,0,1548,34697,1168,24929,1550,59626,California
Santa Cruz,2021-02-27,2636,87281,930,29251,1706,58030,0,0,1837,35736,798,25727,1837,61463,California
Santa Cruz,2021-02-28,1296,88577,359,29610,937,58967,0,0,1086,36615,207,25934,1086,62549,California
Santa Cruz,2021-03-01,1827,90404,1254,30864,573,59540,0,0,688,36167,1136,27070,688,63237,California
Santa Cruz,2021-03-02,1504,91908,338,31202,1166,60706,0,0,835,36338,667,27737,838,64075,California
Santa Cruz,2021-03-03,2338,94246,604,31806,1734,62440,0,0,1270,36543,1065,28802,1270,65345,California
Santa Cruz,2021-03-04,2999,97245,1403,33209,1595,64035,1,1,2026,37608,963,29765,2028,67373,California
Santa Cruz,2021-03-05,2600,99845,477,33686,2105,66140,18,19,1123,37275,1474,31239,1141,68514,California
Santa Cruz,2021-03-06,3869,103714,1348,35034,2416,68556,105,124,2161,37832,1708,32947,2265,70779,California
Santa Cruz,2021-03-07,1346,105060,128,35162,1144,69700,74,198,556,37673,789,33736,630,71409,California
Santa Cruz,2021-03-08,1079,106139,218,35380,732,70432,129,327,649,38022,429,34165,778,72187,California
Santa Cruz,2021-03-09,1764,107903,236,35616,1381,71813,147,474,697,37802,1064,35229,844,73031,California
Santa Cruz,2021-03-10,3852,111755,2088,37704,1617,73430,147,621,1992,38086,1858,37087,2142,75173,California
Santa Cruz,2021-03-11,2802,114557,1217,38921,1411,74841,174,795,1547,38555,1254,38341,1723,76896,California
Santa Cruz,2021-03-12,2748,117305,890,39811,1567,76408,291,1086,910,37920,1835,40176,1200,78096,California
Santa Cruz,2021-03-13,2304,119609,1332,41143,927,77335,45,1131,1172,38008,1130,41306,1218,79314,California
Santa Cruz,2021-03-14,899,120508,214,41357,671,78006,14,1145,439,38002,458,41764,452,79766,California
Santa Cruz,2021-03-15,1347,121855,480,41837,832,78838,35,1180,578,37849,767,42531,614,80380,California
Santa Cruz,2021-03-16,2317,124172,1087,42924,1189,80027,41,1221,1342,38259,972,43503,1382,81762,California
Santa Cruz,2021-03-17,3861,128033,2234,45158,1617,81644,10,1231,2518,39451,1339,44842,2531,84293,California
Santa Cruz,2021-03-18,3860,131893,2092,47250,1649,83293,119,1350,2067,39847,1790,46632,2186,86479,California
Santa Cruz,2021-03-19,3271,135164,1318,48568,1728,85021,225,1575,1647,40100,1619,48251,1872,88351,California
Santa Cruz,2021-03-20,2167,137331,1615,50183,515,85536,37,1612,1095,40163,1069,49320,1132,89483,California
Santa Cruz,2021-03-21,825,138156,437,50620,267,85803,121,1733,444,40350,379,49699,566,90049,California
Santa Cruz,2021-03-22,1365,139521,849,51469,494,86297,22,1755,942,40895,420,50119,965,91014,California
Santa Cruz,2021-03-23,2556,142077,1435,52904,1071,87368,50,1805,1719,41829,835,50954,1769,92783,California
Santa Cruz,2021-03-24,3011,145088,2022,54926,967,88335,22,1827,1996,42836,1010,51964,2017,94800,California
Santa Cruz,2021-03-25,2612,147700,1328,56254,1251,89586,33,1860,1356,42977,1248,53212,1389,96189,California
Santa Cruz,2021-03-26,3029,150729,1820,58074,1182,90768,27,1887,2060,44102,962,54174,2087,98276,California
Santa Cruz,2021-03-27,3232,153961,2012,60086,1195,91963,25,1912,1525,43956,1697,55871,1551,99827,California
Santa Cruz,2021-03-28,925,154886,568,60654,344,92307,13,1925,491,44032,429,56300,505,100332,California
Santa Cruz,2021-03-29,1952,156838,872,61526,1011,93318,69,1994,1250,44652,699,56999,1319,101651,California
Santa Cruz,2021-03-30,2704,159542,817,62343,1725,95043,162,2156,1737,45586,965,57964,1899,103550,California
Santa Cruz,2021-03-31,4053,163595,2716,65059,1289,96332,48,2204,2084,45753,1965,59929,2132,105682,California
Santa Cruz,2021-04-01,4021,167616,2152,67211,1762,98094,107,2311,2028,45900,1988,61917,2135,107817,California
Santa Cruz,2021-04-02,3150,170766,1431,68642,1537,99631,182,2493,1745,46427,1400,63317,1927,109744,California
Santa Cruz,2021-04-03,2254,173020,1233,69875,891,100522,130,2623,888,46081,1363,64680,1017,110761,California
Santa Cruz,2021-04-04,939,173959,494,70369,390,100912,55,2678,554,46305,385,65065,609,111370,California
Santa Cruz,2021-04-05,2271,176230,812,71181,1293,102205,166,2844,1408,47017,862,65927,1574,112944,California
Santa Cruz,2021-04-06,3369,179599,1669,72850,1325,103530,375,3219,1987,48005,1372,67299,2360,115304,California
Santa Cruz,2021-04-07,4136,183735,1636,74486,2149,105679,351,3570,1866,47954,2267,69566,2216,117520,California
Santa Cruz,2021-04-08,4260,187995,2353,76839,1400,107079,507,4077,2513,49234,1738,71304,3018,120538,California
Santa Cruz,2021-04-09,3537,191532,1487,78326,1654,108733,396,4473,1954,50007,1578,72882,2351,122889,California
Santa Cruz,2021-04-10,2250,193782,1099,79425,902,109635,249,4722,1078,50164,1169,74051,1326,124215,California
Santa Cruz,2021-04-11,1003,194785,530,79955,382,110017,91,4813,490,50232,513,74564,581,124796,California
Santa Cruz,2021-04-12,2239,197024,775,80730,1036,111053,428,5241,1053,50540,1171,75735,1479,126275,California
Santa Cruz,2021-04-13,2869,199893,1437,82167,1430,112483,2,5243,1615,50908,1249,76984,1617,127892,California
Santa Cruz,2021-04-14,4315,204208,1991,84158,2324,114807,0,5243,2280,51161,2028,79012,2281,130173,California
Santa Cruz,2021-04-15,4306,208514,2676,86834,1630,116437,0,5243,2760,52384,1537,80549,2760,132933,California
Santa Cruz,2021-04-16,2948,211462,1883,88717,1063,117500,2,5245,1718,52878,1226,81775,1720,134653,California
Shasta,2020-12-16,131,131,131,131,0,0,0,0,131,131,0,0,131,131,California
Shasta,2020-12-17,417,548,417,548,0,0,0,0,417,548,0,0,417,548,California
Shasta,2020-12-18,166,714,166,714,0,0,0,0,166,714,0,0,166,714,California
Shasta,2020-12-19,1,715,1,715,0,0,0,0,1,715,0,0,1,715,California
Shasta,2020-12-21,80,795,80,795,0,0,0,0,80,795,0,0,80,795,California
Shasta,2020-12-22,191,986,186,981,5,5,0,0,191,986,0,0,191,986,California
Shasta,2020-12-23,174,1160,170,1151,4,9,0,0,174,1160,0,0,174,1160,California
Shasta,2020-12-24,18,1178,18,1169,0,9,0,0,18,1178,0,0,18,1178,California
Shasta,2020-12-26,4,1182,1,1170,3,12,0,0,4,1182,0,0,4,1182,California
Shasta,2020-12-27,1,1183,0,1170,1,13,0,0,1,1183,0,0,1,1183,California
Shasta,2020-12-28,40,1223,31,1201,9,22,0,0,40,1223,0,0,40,1223,California
Shasta,2020-12-29,186,1409,185,1386,1,23,0,0,186,1409,0,0,186,1409,California
Shasta,2020-12-30,178,1587,168,1554,10,33,0,0,178,1587,0,0,178,1587,California
Shasta,2020-12-31,83,1670,2,1556,81,114,0,0,83,1670,0,0,83,1670,California
Shasta,2021-01-02,2,1672,0,1556,2,116,0,0,2,1672,0,0,2,1672,California
Shasta,2021-01-03,1,1673,1,1557,0,116,0,0,1,1673,0,0,1,1673,California
Shasta,2021-01-04,346,2019,306,1863,40,156,0,0,347,2020,0,0,347,2020,California
Shasta,2021-01-05,335,2354,314,2177,21,177,0,0,254,2193,81,81,254,2274,California
Shasta,2021-01-06,437,2791,395,2572,42,219,0,0,175,2107,261,342,175,2449,California
Shasta,2021-01-07,116,2907,35,2607,81,300,0,0,95,2181,21,363,95,2544,California
Shasta,2021-01-08,507,3414,447,3054,60,360,0,0,299,2272,208,571,299,2843,California
Shasta,2021-01-09,72,3486,63,3117,9,369,0,0,70,2340,2,573,70,2913,California
Shasta,2021-01-10,5,3491,0,3117,5,374,0,0,4,2344,1,574,5,2918,California
Shasta,2021-01-11,353,3844,185,3302,168,542,0,0,317,2625,36,610,317,3235,California
Shasta,2021-01-12,444,4288,327,3629,117,659,0,0,270,2721,174,784,270,3505,California
Shasta,2021-01-13,541,4829,268,3897,273,932,0,0,371,2922,170,954,371,3876,California
Shasta,2021-01-14,453,5282,51,3948,402,1334,0,0,435,3339,18,972,435,4311,California
Shasta,2021-01-15,637,5919,136,4084,501,1835,0,0,635,3972,2,974,635,4946,California
Shasta,2021-01-16,899,6818,55,4139,844,2679,0,0,896,4865,3,977,896,5842,California
Shasta,2021-01-17,27,6845,6,4145,21,2700,0,0,23,4884,4,981,23,5865,California
Shasta,2021-01-18,599,7444,130,4275,469,3169,0,0,591,5467,8,989,591,6456,California
Shasta,2021-01-19,1018,8462,397,4672,621,3790,0,0,870,6189,148,1137,870,7326,California
Shasta,2021-01-20,677,9139,409,5081,268,4058,0,0,493,6503,179,1316,493,7819,California
Shasta,2021-01-21,629,9768,277,5358,352,4410,0,0,606,7086,23,1339,606,8425,California
Shasta,2021-01-22,445,10213,171,5529,274,4684,0,0,439,7519,6,1345,439,8864,California
Shasta,2021-01-23,68,10281,5,5534,63,4747,0,0,67,7585,1,1346,67,8931,California
Shasta,2021-01-24,25,10306,2,5536,23,4770,0,0,24,7608,1,1347,24,8955,California
Shasta,2021-01-25,749,11055,490,6026,259,5029,0,0,464,7788,284,1631,464,9419,California
Shasta,2021-01-26,707,11762,331,6357,376,5405,0,0,474,8031,231,1862,474,9893,California
Shasta,2021-01-27,459,12221,179,6536,280,5685,0,0,410,8392,49,1911,410,10303,California
Shasta,2021-01-28,855,13076,576,7112,279,5964,0,0,633,8803,222,2133,633,10936,California
Shasta,2021-01-29,831,13907,330,7442,501,6465,0,0,641,9255,190,2323,642,11578,California
Shasta,2021-01-30,617,14524,14,7456,603,7068,0,0,608,9854,9,2332,608,12186,California
Shasta,2021-01-31,28,14552,4,7460,24,7092,0,0,26,9878,2,2334,26,12212,California
Shasta,2021-02-01,508,15060,147,7607,361,7453,0,0,386,10142,122,2456,386,12598,California
Shasta,2021-02-02,937,15997,493,8100,444,7897,0,0,846,10899,89,2545,846,13444,California
Shasta,2021-02-03,676,16673,210,8310,466,8363,0,0,480,11183,196,2741,480,13924,California
Shasta,2021-02-04,1070,17743,663,8973,407,8770,0,0,879,11872,190,2931,879,14803,California
Shasta,2021-02-05,1215,18958,163,9136,1052,9822,0,0,1026,12710,188,3119,1026,15829,California
Shasta,2021-02-06,1729,20687,42,9178,1687,11509,0,0,1705,14391,24,3143,1705,17534,California
Shasta,2021-02-07,26,20713,3,9181,23,11532,0,0,24,14413,2,3145,24,17558,California
Shasta,2021-02-08,541,21254,168,9349,373,11905,0,0,303,14478,238,3383,303,17861,California
Shasta,2021-02-09,1026,22280,651,10000,375,12280,0,0,676,14804,350,3733,676,18537,California
Shasta,2021-02-10,1084,23364,782,10782,302,12582,0,0,594,14908,491,4224,595,19132,California
Shasta,2021-02-11,785,24149,187,10969,598,13180,0,0,304,14736,476,4700,304,19436,California
Shasta,2021-02-12,1661,25810,1141,12110,520,13700,0,0,1168,15411,493,5193,1168,20604,California
Shasta,2021-02-13,1383,27193,367,12477,1016,14716,0,0,571,15169,813,6006,571,21175,California
Shasta,2021-02-14,149,27342,4,12481,145,14861,0,0,125,15270,24,6030,125,21300,California
Shasta,2021-02-15,380,27722,90,12571,290,15151,0,0,211,15312,169,6199,211,21511,California
Shasta,2021-02-16,1086,28808,515,13086,571,15722,0,0,320,14867,765,6964,320,21831,California
Shasta,2021-02-17,994,29802,439,13525,555,16277,0,0,376,14625,618,7582,376,22207,California
Shasta,2021-02-18,874,30676,441,13966,433,16710,0,0,427,14605,447,8029,427,22634,California
Shasta,2021-02-19,1325,32001,934,14900,391,17101,0,0,858,14996,467,8496,858,23492,California
Shasta,2021-02-20,800,32801,87,14987,713,17814,0,0,301,14798,499,8995,301,23793,California
Shasta,2021-02-21,31,32832,2,14989,29,17843,0,0,9,14785,22,9017,9,23802,California
Shasta,2021-02-22,348,33180,74,15063,274,18117,0,0,99,14635,249,9266,99,23901,California
Shasta,2021-02-23,801,33981,466,15529,335,18452,0,0,216,14266,585,9851,216,24117,California
Shasta,2021-02-24,882,34863,503,16032,379,18831,0,0,268,13921,613,10464,268,24385,California
Shasta,2021-02-25,479,35342,158,16190,321,19152,0,0,159,13761,319,10783,159,24544,California
Shasta,2021-02-26,792,36134,95,16285,697,19849,0,0,331,13633,459,11242,331,24875,California
Shasta,2021-02-27,824,36958,27,16312,797,20646,0,0,185,13181,637,11879,185,25060,California
Shasta,2021-02-28,176,37134,4,16316,172,20818,0,0,126,13257,50,11929,126,25186,California
Shasta,2021-03-01,556,37690,59,16375,497,21315,0,0,266,13234,289,12218,266,25452,California
Shasta,2021-03-02,931,38621,465,16840,466,21781,0,0,268,12841,661,12879,268,25720,California
Shasta,2021-03-03,657,39278,163,17003,494,22275,0,0,241,12666,416,13295,241,25961,California
Shasta,2021-03-04,1056,40334,505,17508,551,22826,0,0,647,12906,408,13703,648,26609,California
Shasta,2021-03-05,982,41316,161,17669,792,23618,29,29,322,12596,661,14364,351,26960,California
Shasta,2021-03-06,844,42160,386,18055,411,24029,47,76,210,12219,634,14998,257,27217,California
Shasta,2021-03-07,91,42251,3,18058,56,24085,32,108,37,12234,54,15052,69,27286,California
Shasta,2021-03-08,558,42809,46,18104,373,24458,139,247,145,12107,411,15463,284,27570,California
Shasta,2021-03-09,621,43430,46,18150,397,24855,178,425,247,12158,374,15837,425,27995,California
Shasta,2021-03-10,796,44226,257,18407,337,25192,202,627,132,11828,663,16500,333,28328,California
Shasta,2021-03-11,1046,45272,173,18580,627,25819,246,873,645,12318,401,16901,891,29219,California
Shasta,2021-03-12,830,46102,171,18751,415,26234,244,1117,295,12321,534,17435,537,29756,California
Shasta,2021-03-13,756,46858,424,19175,232,26466,100,1217,475,12615,280,17715,574,30330,California
Shasta,2021-03-14,365,47223,8,19183,335,26801,22,1239,227,12726,138,17853,249,30579,California
Shasta,2021-03-15,494,47717,34,19217,360,27161,100,1339,208,12747,286,18139,307,30886,California
Shasta,2021-03-16,1076,48793,144,19361,865,28026,67,1406,799,13336,277,18416,866,31752,California
Shasta,2021-03-17,687,49480,190,19551,439,28465,58,1464,389,13491,292,18708,447,32199,California
Shasta,2021-03-18,1068,50548,233,19784,732,29197,103,1567,795,14120,269,18977,898,33097,California
Shasta,2021-03-19,629,51177,197,19981,377,29574,55,1622,397,14341,231,19208,452,33549,California
Shasta,2021-03-20,748,51925,490,20471,244,29818,14,1636,600,14807,148,19356,614,34163,California
Shasta,2021-03-21,312,52237,296,20767,4,29822,12,1648,286,15079,26,19382,298,34461,California
Shasta,2021-03-22,342,52579,36,20803,276,30098,30,1678,200,15168,141,19523,230,34691,California
Shasta,2021-03-23,818,53397,157,20960,603,30701,58,1736,626,15665,187,19710,684,35375,California
Shasta,2021-03-24,514,53911,156,21116,321,31022,37,1773,357,15903,156,19866,394,35769,California
Shasta,2021-03-25,762,54673,186,21302,559,31581,17,1790,623,16406,137,20003,640,36409,California
Shasta,2021-03-26,685,55358,260,21562,395,31976,30,1820,331,16414,354,20357,362,36771,California
Shasta,2021-03-27,1555,56913,404,21966,315,32291,836,2656,571,16836,982,21339,1404,38175,California
Shasta,2021-03-28,404,57317,299,22265,95,32386,10,2666,302,17048,100,21439,312,38487,California
Shasta,2021-03-29,415,57732,41,22306,362,32748,12,2678,161,16968,253,21692,173,38660,California
Shasta,2021-03-30,527,58259,185,22491,335,33083,7,2685,320,17091,204,21896,327,38987,California
Shasta,2021-03-31,622,58881,208,22699,409,33492,5,2690,389,17257,228,22124,394,39381,California
Shasta,2021-04-01,777,59658,245,22944,526,34018,6,2696,551,17589,226,22350,558,39939,California
Shasta,2021-04-02,746,60404,202,23146,493,34511,51,2747,413,17722,331,22681,464,40403,California
Shasta,2021-04-03,519,60923,367,23513,133,34644,19,2766,396,18014,123,22804,415,40818,California
Shasta,2021-04-04,291,61214,177,23690,94,34738,20,2786,217,18177,74,22878,237,41055,California
Shasta,2021-04-05,438,61652,67,23757,309,35047,62,2848,266,18333,172,23050,328,41383,California
Shasta,2021-04-06,717,62369,170,23927,376,35423,171,3019,277,18342,438,23488,447,41830,California
Shasta,2021-04-07,649,63018,211,24138,275,35698,163,3182,260,18381,384,23872,423,42253,California
Shasta,2021-04-08,1053,64071,260,24398,639,36337,154,3336,231,17946,820,24692,385,42638,California
Shasta,2021-04-09,1859,65930,1344,25742,307,36644,208,3544,1315,18927,540,25232,1521,44159,California
Shasta,2021-04-10,876,66806,594,26336,154,36798,128,3672,264,18707,612,25844,392,44551,California
Shasta,2021-04-11,449,67255,395,26731,34,36832,20,3692,140,18561,306,26150,160,44711,California
Shasta,2021-04-12,316,67571,8,26739,251,37083,57,3749,85,18472,230,26380,141,44852,California
Shasta,2021-04-13,840,68411,158,26897,681,37764,1,3750,196,18026,643,27023,197,45049,California
Shasta,2021-04-14,544,68955,127,27024,415,38179,2,3752,197,17879,346,27369,199,45248,California
Shasta,2021-04-15,512,69467,225,27249,287,38466,0,3752,250,17869,260,27629,250,45498,California
Shasta,2021-04-16,934,70401,661,27910,273,38739,0,3752,675,18285,259,27888,675,46173,California
Sierra,2020-12-18,1,1,1,1,0,0,0,0,1,1,0,0,1,1,California
Sierra,2020-12-21,2,3,2,3,0,0,0,0,2,3,0,0,2,3,California
Sierra,2020-12-22,12,15,12,15,0,0,0,0,12,15,0,0,12,15,California
Sierra,2020-12-23,4,19,4,19,0,0,0,0,4,19,0,0,4,19,California
Sierra,2020-12-28,1,20,0,19,1,1,0,0,1,20,0,0,1,20,California
Sierra,2020-12-29,49,69,7,26,42,43,0,0,49,69,0,0,49,69,California
Sierra,2020-12-30,2,71,0,26,2,45,0,0,2,71,0,0,2,71,California
Sierra,2020-12-31,13,84,0,26,13,58,0,0,13,84,0,0,13,84,California
Sierra,2021-01-01,1,85,1,27,0,58,0,0,1,85,0,0,1,85,California
Sierra,2021-01-05,65,150,3,30,62,120,0,0,65,150,0,0,65,150,California
Sierra,2021-01-06,1,151,1,31,0,120,0,0,1,151,0,0,1,151,California
Sierra,2021-01-07,21,172,1,32,20,140,0,0,20,170,1,1,20,171,California
Sierra,2021-01-08,1,173,1,33,0,140,0,0,1,171,0,1,1,172,California
Sierra,2021-01-11,3,176,3,36,0,140,0,0,0,168,3,4,0,172,California
Sierra,2021-01-12,40,216,12,48,28,168,0,0,28,184,12,16,28,200,California
Sierra,2021-01-13,4,220,3,51,1,169,0,0,1,182,3,19,1,201,California
Sierra,2021-01-14,35,255,2,53,33,202,0,0,35,217,0,19,35,236,California
Sierra,2021-01-15,3,258,1,54,2,204,0,0,3,220,0,19,3,239,California
Sierra,2021-01-18,2,260,0,54,2,206,0,0,2,222,0,19,2,241,California
Sierra,2021-01-19,32,292,0,54,32,238,0,0,32,254,0,19,32,273,California
Sierra,2021-01-20,1,293,1,55,0,238,0,0,1,255,0,19,1,274,California
Sierra,2021-01-21,53,346,0,55,53,291,0,0,53,308,0,19,53,327,California
Sierra,2021-01-22,2,348,0,55,2,293,0,0,2,310,0,19,2,329,California
Sierra,2021-01-23,2,350,0,55,2,295,0,0,2,312,0,19,2,331,California
Sierra,2021-01-26,62,412,0,55,62,357,0,0,24,298,38,57,24,355,California
Sierra,2021-01-27,4,416,4,59,0,357,0,0,0,294,4,61,0,355,California
Sierra,2021-01-28,53,469,0,59,53,410,0,0,43,327,10,71,43,398,California
Sierra,2021-01-29,2,471,0,59,2,412,0,0,2,329,0,71,2,400,California
Sierra,2021-01-30,3,474,3,62,0,412,0,0,2,330,1,72,2,402,California
Sierra,2021-02-01,1,475,0,62,1,413,0,0,0,329,1,73,0,402,California
Sierra,2021-02-02,57,532,0,62,57,470,0,0,18,308,39,112,18,420,California
Sierra,2021-02-03,6,538,5,67,1,471,0,0,5,312,1,113,5,425,California
Sierra,2021-02-04,106,644,6,73,100,571,0,0,57,320,49,162,57,482,California
Sierra,2021-02-05,6,650,4,77,2,573,0,0,5,324,1,163,5,487,California
Sierra,2021-02-09,52,702,0,77,52,625,0,0,49,370,3,166,49,536,California
Sierra,2021-02-10,5,707,2,79,3,628,0,0,4,373,1,167,4,540,California
Sierra,2021-02-11,196,903,1,80,195,823,0,0,134,445,62,229,134,674,California
Sierra,2021-02-12,21,924,0,80,21,844,0,0,20,464,1,230,20,694,California
Sierra,2021-02-13,1,925,1,81,0,844,0,0,1,465,0,230,1,695,California
Sierra,2021-02-14,1,926,0,81,1,845,0,0,1,466,0,230,1,696,California
Sierra,2021-02-15,2,928,2,83,0,845,0,0,0,464,2,232,0,696,California
Sierra,2021-02-16,43,971,0,83,43,888,0,0,10,441,33,265,10,706,California
Sierra,2021-02-17,4,975,0,83,4,892,0,0,1,439,3,268,1,707,California
Sierra,2021-02-18,141,1116,0,83,141,1033,0,0,91,480,50,318,91,798,California
Sierra,2021-02-19,2,1118,1,84,1,1034,0,0,1,480,1,319,1,799,California
Sierra,2021-02-20,2,1120,2,86,0,1034,0,0,0,478,2,321,0,799,California
Sierra,2021-02-22,1,1121,1,87,0,1034,0,0,1,479,0,321,1,800,California
Sierra,2021-02-23,4,1125,0,87,4,1038,0,0,4,483,0,321,4,804,California
Sierra,2021-02-24,4,1129,3,90,1,1039,0,0,3,485,1,322,3,807,California
Sierra,2021-02-25,124,1253,1,91,123,1162,0,0,58,478,65,387,58,865,California
Sierra,2021-02-26,10,1263,6,97,4,1166,0,0,4,476,6,393,4,869,California
Sierra,2021-02-27,2,1265,2,99,0,1166,0,0,0,474,2,395,0,869,California
Sierra,2021-03-01,2,1267,2,101,0,1166,0,0,0,472,2,397,0,869,California
Sierra,2021-03-02,56,1323,0,101,56,1222,0,0,38,492,18,415,38,907,California
Sierra,2021-03-03,2,1325,2,103,0,1222,0,0,1,492,1,416,1,908,California
Sierra,2021-03-04,109,1434,0,103,109,1331,0,0,58,499,51,467,58,966,California
Sierra,2021-03-05,13,1447,1,104,12,1343,0,0,11,508,2,469,11,977,California
Sierra,2021-03-07,1,1448,1,105,0,1343,0,0,0,507,1,470,0,977,California
Sierra,2021-03-08,2,1450,2,107,0,1343,0,0,2,509,0,470,2,979,California
Sierra,2021-03-09,57,1507,0,107,57,1400,0,0,12,476,45,515,12,991,California
Sierra,2021-03-10,6,1513,0,107,6,1406,0,0,4,478,2,517,4,995,California
Sierra,2021-03-11,175,1688,0,107,175,1581,0,0,43,390,131,648,43,1038,California
Sierra,2021-03-12,20,1708,1,108,19,1600,0,0,0,370,20,668,0,1038,California
Sierra,2021-03-13,28,1736,0,108,28,1628,0,0,28,398,0,668,28,1066,California
Sierra,2021-03-14,1,1737,0,108,0,1628,1,1,0,398,1,669,1,1067,California
Sierra,2021-03-15,2,1739,1,109,1,1629,0,1,0,396,2,671,0,1067,California
Sierra,2021-03-16,36,1775,0,109,35,1664,1,2,23,407,13,684,24,1091,California
Sierra,2021-03-17,4,1779,3,112,1,1665,0,2,1,405,3,687,1,1092,California
Sierra,2021-03-18,159,1938,0,112,159,1824,0,2,66,378,93,780,66,1158,California
Sierra,2021-03-19,4,1942,2,114,2,1826,0,2,1,376,3,783,1,1159,California
Sierra,2021-03-20,1,1943,0,114,1,1827,0,2,1,377,0,783,1,1160,California
Sierra,2021-03-23,24,1967,0,114,24,1851,0,2,15,383,9,792,15,1175,California
Sierra,2021-03-24,2,1969,1,115,1,1852,0,2,0,381,2,794,0,1175,California
Sierra,2021-03-25,91,2060,0,115,91,1943,0,2,46,382,45,839,46,1221,California
Sierra,2021-03-26,12,2072,1,116,11,1954,0,2,9,388,3,842,9,1230,California
Sierra,2021-03-27,2,2074,1,117,1,1955,0,2,0,386,2,844,0,1230,California
Sierra,2021-03-29,1,2075,1,118,0,1955,0,2,0,385,1,845,0,1230,California
Sierra,2021-03-30,54,2129,0,118,54,2009,0,2,21,373,33,878,21,1251,California
Sierra,2021-03-31,8,2137,0,118,8,2017,0,2,8,381,0,878,8,1259,California
Sierra,2021-04-01,60,2197,2,120,58,2075,0,2,6,333,54,932,6,1265,California
Sierra,2021-04-02,3,2200,2,122,1,2076,0,2,2,334,1,933,2,1267,California
Sierra,2021-04-06,10,2210,0,122,10,2086,0,2,0,324,10,943,0,1267,California
Sierra,2021-04-07,14,2224,2,124,6,2092,6,8,2,321,11,954,8,1275,California
Sierra,2021-04-08,54,2278,2,126,52,2144,0,8,17,301,37,991,17,1292,California
Sierra,2021-04-09,2,2280,2,128,0,2144,0,8,1,301,1,992,1,1293,California
Sierra,2021-04-10,27,2307,0,128,27,2171,0,8,0,274,27,1019,0,1293,California
Sierra,2021-04-13,46,2353,0,128,46,2217,0,8,5,238,41,1060,5,1298,California
Sierra,2021-04-14,2,2355,1,129,1,2218,0,8,2,240,0,1060,2,1300,California
Sierra,2021-04-15,48,2403,1,130,47,2265,0,8,2,196,46,1106,2,1302,California
Sierra,2021-04-16,2,2405,1,131,1,2266,0,8,2,198,0,1106,2,1304,California
Siskiyou,2020-12-16,2,2,2,2,0,0,0,0,2,2,0,0,2,2,California
Siskiyou,2020-12-17,4,6,4,6,0,0,0,0,4,6,0,0,4,6,California
Siskiyou,2020-12-18,2,8,2,8,0,0,0,0,2,8,0,0,2,8,California
Siskiyou,2020-12-19,4,12,4,12,0,0,0,0,4,12,0,0,4,12,California
Siskiyou,2020-12-20,1,13,1,13,0,0,0,0,1,13,0,0,1,13,California
Siskiyou,2020-12-21,132,145,132,145,0,0,0,0,132,145,0,0,132,145,California
Siskiyou,2020-12-22,159,304,159,304,0,0,0,0,159,304,0,0,159,304,California
Siskiyou,2020-12-23,142,446,142,446,0,0,0,0,142,446,0,0,142,446,California
Siskiyou,2020-12-24,5,451,5,451,0,0,0,0,5,451,0,0,5,451,California
Siskiyou,2020-12-26,2,453,0,451,2,2,0,0,2,453,0,0,2,453,California
Siskiyou,2020-12-27,2,455,0,451,2,4,0,0,2,455,0,0,2,455,California
Siskiyou,2020-12-28,3,458,1,452,2,6,0,0,3,458,0,0,3,458,California
Siskiyou,2020-12-29,6,464,2,454,4,10,0,0,6,464,0,0,6,464,California
Siskiyou,2020-12-30,98,562,3,457,95,105,0,0,98,562,0,0,98,562,California
Siskiyou,2020-12-31,12,574,0,457,12,117,0,0,12,574,0,0,12,574,California
Siskiyou,2021-01-02,1,575,1,458,0,117,0,0,1,575,0,0,1,575,California
Siskiyou,2021-01-03,1,576,0,458,1,118,0,0,1,576,0,0,1,576,California
Siskiyou,2021-01-04,130,706,3,461,127,245,0,0,130,706,0,0,130,706,California
Siskiyou,2021-01-05,117,823,4,465,113,358,0,0,116,821,1,1,116,822,California
Siskiyou,2021-01-06,60,883,6,471,54,412,0,0,56,873,4,5,56,878,California
Siskiyou,2021-01-07,177,1060,4,475,173,585,0,0,176,1048,1,6,176,1054,California
Siskiyou,2021-01-08,41,1101,3,478,38,623,0,0,39,1085,2,8,39,1093,California
Siskiyou,2021-01-09,2,1103,2,480,0,623,0,0,0,1083,2,10,0,1093,California
Siskiyou,2021-01-11,226,1329,65,545,161,784,0,0,163,1183,63,73,163,1256,California
Siskiyou,2021-01-12,320,1649,273,818,47,831,0,0,87,1037,233,306,87,1343,California
Siskiyou,2021-01-13,157,1806,137,955,20,851,0,0,23,926,134,440,23,1366,California
Siskiyou,2021-01-14,26,1832,1,956,25,876,0,0,25,950,1,441,25,1391,California
Siskiyou,2021-01-15,35,1867,3,959,32,908,0,0,35,985,0,441,35,1426,California
Siskiyou,2021-01-16,7,1874,2,961,5,913,0,0,7,992,0,441,7,1433,California
Siskiyou,2021-01-17,1,1875,1,962,0,913,0,0,0,991,1,442,0,1433,California
Siskiyou,2021-01-18,76,1951,4,966,72,985,0,0,74,1063,2,444,74,1507,California
Siskiyou,2021-01-19,21,1972,1,967,20,1005,0,0,20,1082,1,445,20,1527,California
Siskiyou,2021-01-20,47,2019,35,1002,12,1017,0,0,43,1121,4,449,43,1570,California
Siskiyou,2021-01-21,42,2061,1,1003,41,1058,0,0,42,1163,0,449,42,1612,California
Siskiyou,2021-01-22,1330,3391,1178,2181,152,1210,0,0,1330,2493,0,449,1330,2942,California
Siskiyou,2021-01-23,5,3396,1,2182,4,1214,0,0,2,2492,3,452,2,2944,California
Siskiyou,2021-01-25,182,3578,8,2190,174,1388,0,0,178,2666,4,456,178,3122,California
Siskiyou,2021-01-26,148,3726,3,2193,145,1533,0,0,140,2798,8,464,140,3262,California
Siskiyou,2021-01-27,180,3906,1,2194,179,1712,0,0,125,2868,55,519,125,3387,California
Siskiyou,2021-01-28,232,4138,118,2312,114,1826,0,0,226,3088,6,525,226,3613,California
Siskiyou,2021-01-29,248,4386,2,2314,246,2072,0,0,246,3332,2,527,246,3859,California
Siskiyou,2021-01-30,3,4389,2,2316,1,2073,0,0,3,3335,0,527,3,3862,California
Siskiyou,2021-02-01,195,4584,3,2319,192,2265,0,0,105,3350,90,617,105,3967,California
Siskiyou,2021-02-02,288,4872,44,2363,244,2509,0,0,147,3356,141,758,147,4114,California
Siskiyou,2021-02-03,313,5185,1,2364,312,2821,0,0,264,3571,49,807,264,4378,California
Siskiyou,2021-02-04,319,5504,7,2371,312,3133,0,0,200,3652,119,926,200,4578,California
Siskiyou,2021-02-05,511,6015,4,2375,507,3640,0,0,346,3833,165,1091,346,4924,California
Siskiyou,2021-02-06,15,6030,0,2375,15,3655,0,0,15,3848,0,1091,15,4939,California
Siskiyou,2021-02-07,3,6033,2,2377,1,3656,0,0,3,3851,0,1091,3,4942,California
Siskiyou,2021-02-08,221,6254,5,2382,216,3872,0,0,216,4062,5,1096,216,5158,California
Siskiyou,2021-02-09,195,6449,3,2385,192,4064,0,0,162,4191,33,1129,162,5320,California
Siskiyou,2021-02-10,370,6819,40,2425,330,4394,0,0,316,4454,53,1182,316,5636,California
Siskiyou,2021-02-11,191,7010,1,2426,190,4584,0,0,175,4613,16,1198,175,5811,California
Siskiyou,2021-02-12,1692,8702,1200,3626,492,5076,0,0,500,3921,1192,2390,500,6311,California
Siskiyou,2021-02-13,36,8738,2,3628,34,5110,0,0,32,3949,4,2394,32,6343,California
Siskiyou,2021-02-14,5,8743,1,3629,4,5114,0,0,5,3954,0,2394,5,6348,California
Siskiyou,2021-02-15,107,8850,10,3639,97,5211,0,0,105,4057,2,2396,105,6453,California
Siskiyou,2021-02-16,114,8964,2,3641,112,5323,0,0,99,4141,15,2411,99,6552,California
Siskiyou,2021-02-17,184,9148,15,3656,169,5492,0,0,170,4297,14,2425,170,6722,California
Siskiyou,2021-02-18,221,9369,89,3745,132,5624,0,0,98,4272,123,2548,98,6820,California
Siskiyou,2021-02-19,70,9439,33,3778,37,5661,0,0,34,4270,36,2584,34,6854,California
Siskiyou,2021-02-20,21,9460,3,3781,18,5679,0,0,17,4283,4,2588,17,6871,California
Siskiyou,2021-02-21,2,9462,2,3783,0,5679,0,0,2,4285,0,2588,2,6873,California
Siskiyou,2021-02-22,124,9586,1,3784,123,5802,0,0,18,4197,106,2694,18,6891,California
Siskiyou,2021-02-23,195,9781,15,3799,180,5982,0,0,51,4104,144,2838,51,6942,California
Siskiyou,2021-02-24,147,9928,4,3803,143,6125,0,0,35,4027,112,2950,35,6977,California
Siskiyou,2021-02-25,300,10228,24,3827,276,6401,0,0,154,4035,146,3096,154,7131,California
Siskiyou,2021-02-26,667,10895,9,3836,658,7059,0,0,365,4098,302,3398,365,7496,California
Siskiyou,2021-02-27,32,10927,5,3841,27,7086,0,0,27,4120,5,3403,27,7523,California
Siskiyou,2021-02-28,4,10931,4,3845,0,7086,0,0,3,4122,1,3404,3,7526,California
Siskiyou,2021-03-01,280,11211,6,3851,274,7360,0,0,50,3942,230,3634,50,7576,California
Siskiyou,2021-03-02,191,11402,1,3852,190,7550,0,0,71,3893,120,3754,71,7647,California
Siskiyou,2021-03-03,343,11745,7,3859,336,7886,0,0,153,3856,190,3944,153,7800,California
Siskiyou,2021-03-04,772,12517,600,4459,172,8058,0,0,621,4326,151,4095,621,8421,California
Siskiyou,2021-03-05,321,12838,6,4465,304,8362,11,11,102,4223,216,4311,113,8534,California
Siskiyou,2021-03-06,36,12874,2,4467,27,8389,7,18,26,4246,10,4321,33,8567,California
Siskiyou,2021-03-07,12,12886,4,4471,0,8389,8,26,3,4248,9,4330,11,8578,California
Siskiyou,2021-03-08,361,13247,31,4502,295,8684,35,61,59,4040,302,4632,94,8672,California
Siskiyou,2021-03-09,162,13409,0,4502,109,8793,53,114,56,4043,106,4738,109,8781,California
Siskiyou,2021-03-10,220,13629,7,4509,183,8976,30,144,31,3915,189,4927,61,8842,California
Siskiyou,2021-03-11,469,14098,203,4712,219,9195,47,191,270,4034,198,5125,317,9159,California
Siskiyou,2021-03-12,635,14733,132,4844,464,9659,39,230,182,3804,451,5576,221,9380,California
Siskiyou,2021-03-13,428,15161,382,5226,23,9682,23,253,383,4165,45,5621,406,9786,California
Siskiyou,2021-03-14,23,15184,2,5228,5,9687,16,269,3,4164,20,5641,19,9805,California
Siskiyou,2021-03-15,453,15637,257,5485,176,9863,20,289,321,4373,132,5773,341,10146,California
Siskiyou,2021-03-16,255,15892,32,5517,206,10069,17,306,140,4416,114,5887,157,10303,California
Siskiyou,2021-03-17,199,16091,8,5525,183,10252,8,314,32,4289,167,6054,40,10343,California
Siskiyou,2021-03-18,923,17014,786,6311,125,10377,12,326,807,4992,116,6170,819,11162,California
Siskiyou,2021-03-19,67,17081,9,6320,45,10422,13,339,21,4980,46,6216,34,11196,California
Siskiyou,2021-03-20,30,17111,7,6327,18,10440,5,344,6,4967,24,6240,11,11207,California
Siskiyou,2021-03-21,10,17121,4,6331,1,10441,5,349,4,4970,6,6246,9,11216,California
Siskiyou,2021-03-22,207,17328,21,6352,164,10605,22,371,144,5076,60,6306,166,11382,California
Siskiyou,2021-03-23,190,17518,19,6371,161,10766,10,381,136,5168,54,6360,146,11528,California
Siskiyou,2021-03-24,141,17659,48,6419,93,10859,0,381,116,5259,25,6385,116,11644,California
Siskiyou,2021-03-25,541,18200,291,6710,247,11106,3,384,371,5463,170,6555,374,12018,California
Siskiyou,2021-03-26,294,18494,27,6737,267,11373,0,384,95,5361,197,6752,95,12113,California
Siskiyou,2021-03-27,37,18531,4,6741,28,11401,5,389,9,5347,28,6780,14,12127,California
Siskiyou,2021-03-28,7,18538,7,6748,0,11401,0,389,4,5348,3,6783,4,12131,California
Siskiyou,2021-03-29,97,18635,11,6759,84,11485,2,391,47,5348,49,6832,49,12180,California
Siskiyou,2021-03-30,99,18734,3,6762,95,11580,1,392,38,5326,61,6893,39,12219,California
Siskiyou,2021-03-31,188,18922,22,6784,164,11744,2,394,50,5242,137,7030,53,12272,California
Siskiyou,2021-04-01,817,19739,670,7454,147,11891,0,394,208,4841,609,7639,208,12480,California
Siskiyou,2021-04-02,343,20082,196,7650,143,12034,4,398,64,4631,278,7917,68,12548,California
Siskiyou,2021-04-03,25,20107,4,7654,14,12048,7,405,5,4623,20,7937,12,12560,California
Siskiyou,2021-04-04,2,20109,2,7656,0,12048,0,405,1,4623,1,7938,1,12561,California
Siskiyou,2021-04-05,436,20545,330,7986,79,12127,27,432,24,4263,411,8349,51,12612,California
Siskiyou,2021-04-06,215,20760,32,8018,130,12257,53,485,122,4345,92,8441,174,12786,California
Siskiyou,2021-04-07,115,20875,10,8028,63,12320,42,527,66,4404,49,8490,108,12894,California
Siskiyou,2021-04-08,317,21192,183,8211,93,12413,41,568,58,4244,259,8749,99,12993,California
Siskiyou,2021-04-09,541,21733,375,8586,129,12542,37,605,81,3904,459,9208,119,13112,California
Siskiyou,2021-04-10,45,21778,6,8592,2,12544,37,642,6,3908,39,9247,43,13155,California
Siskiyou,2021-04-11,7,21785,5,8597,0,12544,2,644,2,3907,5,9252,4,13159,California
Siskiyou,2021-04-12,129,21914,25,8622,103,12647,1,645,49,3877,80,9332,50,13209,California
Siskiyou,2021-04-13,195,22109,37,8659,157,12804,1,646,78,3839,117,9449,79,13288,California
Siskiyou,2021-04-14,142,22251,62,8721,80,12884,0,646,82,3863,58,9507,82,13370,California
Siskiyou,2021-04-15,1017,23268,869,9590,148,13032,0,646,390,3626,627,10134,390,13760,California
Siskiyou,2021-04-16,228,23496,180,9770,48,13080,0,646,215,3828,13,10147,215,13975,California
Solano,2020-12-15,4,4,4,4,0,0,0,0,4,4,0,0,4,4,California
Solano,2020-12-16,71,75,71,75,0,0,0,0,71,75,0,0,71,75,California
Solano,2020-12-17,151,226,151,226,0,0,0,0,151,226,0,0,151,226,California
Solano,2020-12-18,447,673,446,672,1,1,0,0,447,673,0,0,447,673,California
Solano,2020-12-19,516,1189,516,1188,0,1,0,0,516,1189,0,0,516,1189,California
Solano,2020-12-20,353,1542,352,1540,1,2,0,0,353,1542,0,0,353,1542,California
Solano,2020-12-21,572,2114,570,2110,2,4,0,0,572,2114,0,0,572,2114,California
Solano,2020-12-22,662,2776,629,2739,33,37,0,0,662,2776,0,0,662,2776,California
Solano,2020-12-23,858,3634,772,3511,86,123,0,0,857,3633,0,0,857,3633,California
Solano,2020-12-24,420,4054,169,3680,251,374,0,0,420,4053,0,0,420,4053,California
Solano,2020-12-25,10,4064,2,3682,8,382,0,0,10,4063,0,0,10,4063,California
Solano,2020-12-26,175,4239,48,3730,127,509,0,0,175,4238,0,0,175,4238,California
Solano,2020-12-27,104,4343,29,3759,75,584,0,0,104,4342,0,0,104,4342,California
Solano,2020-12-28,862,5205,421,4180,441,1025,0,0,862,5204,0,0,862,5204,California
Solano,2020-12-29,891,6096,374,4554,517,1542,0,0,891,6095,0,0,891,6095,California
Solano,2020-12-30,1209,7305,598,5152,611,2153,0,0,1209,7304,0,0,1209,7304,California
Solano,2020-12-31,532,7837,135,5287,397,2550,0,0,532,7836,0,0,532,7836,California
Solano,2021-01-01,13,7850,12,5299,1,2551,0,0,13,7849,0,0,13,7849,California
Solano,2021-01-02,212,8062,164,5463,48,2599,0,0,212,8061,0,0,212,8061,California
Solano,2021-01-03,58,8120,41,5504,17,2616,0,0,53,8114,0,0,53,8114,California
Solano,2021-01-04,450,8570,245,5749,205,2821,0,0,440,8551,3,3,440,8554,California
Solano,2021-01-05,695,9265,377,6126,318,3139,0,0,541,8943,149,152,541,9095,California
Solano,2021-01-06,822,10087,436,6562,386,3525,0,0,560,9243,260,412,560,9655,California
Solano,2021-01-07,1037,11124,683,7245,354,3879,0,0,580,9369,455,867,581,10236,California
Solano,2021-01-08,1115,12239,773,8018,342,4221,0,0,523,9320,574,1441,525,10761,California
Solano,2021-01-09,885,13124,763,8781,122,4343,0,0,428,9294,454,1895,428,11189,California
Solano,2021-01-10,253,13377,193,8974,60,4403,0,0,152,9345,101,1996,152,11341,California
Solano,2021-01-11,1323,14700,1110,10084,213,4616,0,0,808,9638,515,2511,808,12149,California
Solano,2021-01-12,1559,16259,1162,11246,397,5013,0,0,1011,10103,547,3058,1012,13161,California
Solano,2021-01-13,1431,17690,1001,12247,430,5443,0,0,1171,11016,258,3316,1171,14332,California
Solano,2021-01-14,1849,19539,795,13042,1054,6497,0,0,1536,12239,313,3629,1536,15868,California
Solano,2021-01-15,1682,21221,1055,14097,627,7124,0,0,1384,13325,298,3927,1384,17252,California
Solano,2021-01-16,1289,22510,903,15000,386,7510,0,0,1115,14266,174,4101,1115,18367,California
Solano,2021-01-17,1040,23550,759,15759,281,7791,0,0,1023,15272,17,4118,1023,19390,California
Solano,2021-01-18,1407,24957,857,16616,550,8341,0,0,1288,16443,119,4237,1290,20680,California
Solano,2021-01-19,1639,26596,1335,17951,304,8645,0,0,1368,17541,270,4507,1368,22048,California
Solano,2021-01-20,2027,28623,1419,19370,608,9253,0,0,1544,18605,480,4987,1544,23592,California
Solano,2021-01-21,3106,31729,1000,20370,2106,11359,0,0,2763,21026,343,5330,2764,26356,California
Solano,2021-01-22,1750,33479,842,21212,908,12267,0,0,1560,22396,190,5520,1560,27916,California
Solano,2021-01-23,730,34209,237,21449,493,12760,0,0,527,22720,204,5724,528,28444,California
Solano,2021-01-24,378,34587,60,21509,318,13078,0,0,312,22966,66,5790,312,28756,California
Solano,2021-01-25,1617,36204,621,22130,996,14074,0,0,1068,23486,549,6339,1069,29825,California
Solano,2021-01-26,1675,37879,736,22866,939,15013,0,0,1045,23903,629,6968,1046,30871,California
Solano,2021-01-27,1768,39647,727,23593,1041,16054,0,0,1178,24504,577,7545,1178,32049,California
Solano,2021-01-28,1832,41479,703,24296,1129,17183,0,0,1243,25160,588,8133,1244,33293,California
Solano,2021-01-29,1647,43126,781,25077,866,18049,0,0,1295,26105,350,8483,1295,34588,California
Solano,2021-01-30,710,43836,220,25297,490,18539,0,0,549,26493,161,8644,549,35137,California
Solano,2021-01-31,485,44321,393,25690,92,18631,0,0,230,26469,255,8899,231,35368,California
Solano,2021-02-01,1480,45801,979,26669,501,19132,0,0,742,26475,736,9635,742,36110,California
Solano,2021-02-02,3299,49100,1107,27776,2192,21324,0,0,2505,28190,790,10425,2505,38615,California
Solano,2021-02-03,2225,51325,1301,29077,924,22248,0,0,1149,28267,1072,11497,1149,39764,California
Solano,2021-02-04,1756,53081,905,29982,851,23099,0,0,1046,28608,705,12202,1046,40810,California
Solano,2021-02-05,3051,56132,1407,31389,1644,24743,0,0,2060,29686,982,13184,2060,42870,California
Solano,2021-02-06,3023,59155,1167,32556,1856,26599,0,0,2210,31086,810,13994,2210,45080,California
Solano,2021-02-07,846,60001,783,33339,63,26662,0,0,230,30700,616,14610,230,45310,California
Solano,2021-02-08,1711,61712,1233,34572,478,27140,0,0,679,30349,1030,15640,679,45989,California
Solano,2021-02-09,1895,63607,1468,36040,427,27567,0,0,675,29805,1219,16859,675,46664,California
Solano,2021-02-10,2251,65858,1497,37537,754,28321,0,0,826,29206,1425,18284,826,47490,California
Solano,2021-02-11,2391,68249,1438,38975,953,29274,0,0,1121,29067,1260,19544,1121,48611,California
Solano,2021-02-12,4086,72335,1597,40572,2489,31763,0,0,2779,30546,1300,20844,2779,51390,California
Solano,2021-02-13,2815,75150,242,40814,2573,34336,0,0,2431,32596,381,21225,2431,53821,California
Solano,2021-02-14,689,75839,201,41015,488,34824,0,0,411,32731,276,21501,411,54232,California
Solano,2021-02-15,1292,77131,323,41338,969,35793,0,0,670,32780,621,22122,670,54902,California
Solano,2021-02-16,2387,79518,1226,42564,1161,36954,0,0,1623,33640,763,22885,1623,56525,California
Solano,2021-02-17,2699,82217,1219,43783,1480,38434,0,0,1910,34765,786,23671,1911,58436,California
Solano,2021-02-18,2576,84793,700,44483,1876,40310,0,0,809,33815,1760,25431,810,59246,California
Solano,2021-02-19,2209,87002,1265,45748,944,41254,0,0,1128,33868,1077,26508,1130,60376,California
Solano,2021-02-20,2540,89542,379,46127,2161,43415,0,0,2073,35473,468,26976,2073,62449,California
Solano,2021-02-21,2139,91681,1858,47985,281,43696,0,0,1856,37049,280,27256,1856,64305,California
Solano,2021-02-22,1575,93256,912,48897,663,44359,0,0,813,37103,760,28016,814,65119,California
Solano,2021-02-23,2520,95776,1000,49897,1520,45879,0,0,1650,37886,867,28883,1650,66769,California
Solano,2021-02-24,2332,98108,1131,51028,1201,47080,0,0,1303,38162,1027,29910,1303,68072,California
Solano,2021-02-25,2288,100396,1347,52375,941,48021,0,0,1260,38400,1022,30932,1260,69332,California
Solano,2021-02-26,2635,103031,1527,53902,1108,49129,0,0,1381,38532,1249,32181,1381,70713,California
Solano,2021-02-27,3638,106669,1372,55274,2266,51395,0,0,2950,40800,682,32863,2950,73663,California
Solano,2021-02-28,1351,108020,1037,56311,314,51709,0,0,1080,41612,268,33131,1080,74743,California
Solano,2021-03-01,2233,110253,1058,57369,1175,52884,0,0,1628,42640,600,33731,1628,76371,California
Solano,2021-03-02,1951,112204,1232,58601,719,53603,0,0,1210,43109,741,34472,1210,77581,California
Solano,2021-03-03,2118,114322,1190,59791,928,54531,0,0,1314,43626,797,35269,1314,78895,California
Solano,2021-03-04,4207,118529,3277,63068,928,55459,2,2,3121,45672,1080,36349,3126,82021,California
Solano,2021-03-05,4685,123214,1605,64673,3077,58536,3,5,3777,48554,898,37247,3780,85801,California
Solano,2021-03-06,3744,126958,823,65496,2882,61418,39,44,2576,50010,1159,38406,2615,88416,California
Solano,2021-03-07,3458,130416,735,66231,2713,64131,10,54,1907,50386,1542,39948,1918,90334,California
Solano,2021-03-08,1599,132015,813,67044,515,64646,271,325,1090,51240,506,40454,1360,91694,California
Solano,2021-03-09,2907,134922,1337,68381,1518,66164,52,377,2080,52542,827,41281,2129,93823,California
Solano,2021-03-10,2206,137128,1557,69938,564,66728,85,462,1110,52643,1093,42374,1194,95017,California
Solano,2021-03-11,5615,142743,1406,71344,3954,70682,255,717,4625,56534,989,43363,4880,99897,California
Solano,2021-03-12,5757,148500,1390,72734,4196,74878,171,888,3017,56986,2736,46099,3188,103085,California
Solano,2021-03-13,4566,153066,804,73538,3679,78557,83,971,2237,56988,2322,48421,2324,105409,California
Solano,2021-03-14,3979,157045,3103,76641,423,78980,453,1424,1650,56763,2325,50746,2100,107509,California
Solano,2021-03-15,3791,160836,2243,78884,1232,80212,316,1740,2435,58165,1349,52095,2751,110260,California
Solano,2021-03-16,2864,163700,1140,80024,1489,81701,235,1975,1437,58414,1422,53517,1671,111931,California
Solano,2021-03-17,5994,169694,1482,81506,4422,86123,90,2065,4646,61806,1344,54861,4736,116667,California
Solano,2021-03-18,5002,174696,1677,83183,3288,89411,37,2102,3694,64238,1299,56160,3731,120398,California
Solano,2021-03-19,2769,177465,1874,85057,822,90233,73,2175,1520,64588,1244,57404,1594,121992,California
Solano,2021-03-20,5448,182913,1661,86718,3733,93966,54,2229,2790,64785,2647,60051,2844,124836,California
Solano,2021-03-21,1659,184572,1565,88283,70,94036,24,2253,848,64845,810,60861,870,125706,California
Solano,2021-03-22,2396,186968,1783,90066,564,94600,49,2302,1440,65381,950,61811,1486,127192,California
Solano,2021-03-23,3326,190294,1497,91563,1787,96387,42,2344,1510,65121,1812,63623,1552,128744,California
Solano,2021-03-24,2669,192963,1638,93201,997,97384,34,2378,1270,65032,1393,65016,1304,130048,California
Solano,2021-03-25,4534,197497,3667,96868,832,98216,35,2413,2017,64572,2513,67529,2053,132101,California
Solano,2021-03-26,2829,200326,1723,98591,1070,99286,36,2449,1523,64833,1298,68827,1559,133660,California
Solano,2021-03-27,4167,204493,1148,99739,2984,102270,35,2484,1795,64297,2366,71193,1830,135490,California
Solano,2021-03-28,1347,205840,1101,100840,228,102498,18,2502,551,64075,792,71985,570,136060,California
Solano,2021-03-29,2822,208662,1490,102330,1316,103814,16,2518,1588,64450,1229,73214,1604,137664,California
Solano,2021-03-30,2776,211438,1824,104154,866,104680,86,2604,1741,65244,1033,74247,1827,139491,California
Solano,2021-03-31,2920,214358,1923,106077,840,105520,157,2761,1696,65874,1221,75468,1851,141342,California
Solano,2021-04-01,5073,219431,1677,107754,3252,108772,144,2905,3412,67780,1650,77118,3556,144898,California
Solano,2021-04-02,5747,225178,1677,109431,3908,112680,162,3067,2493,67195,3240,80358,2655,147553,California
Solano,2021-04-03,1507,226685,955,110386,400,113080,152,3219,561,66964,944,81302,713,148266,California
Solano,2021-04-04,774,227459,286,110672,187,113267,301,3520,237,66969,533,81835,538,148804,California
Solano,2021-04-05,2817,230276,1879,112551,733,114000,205,3725,1397,67151,1419,83254,1601,150405,California
Solano,2021-04-06,5325,235601,1388,113939,3448,117448,489,4214,1550,65419,3771,87025,2039,152444,California
Solano,2021-04-07,5035,240636,3723,117662,921,118369,391,4605,2909,66599,2120,89145,3300,155744,California
Solano,2021-04-08,5393,246029,1505,119167,3035,121404,853,5458,1520,65109,3858,93003,2368,158112,California
Solano,2021-04-09,4930,250959,1439,120606,2798,124202,693,6151,1297,63479,3620,96623,1990,160102,California
Solano,2021-04-10,1692,252651,940,121546,444,124646,308,6459,786,63668,905,97528,1094,161196,California
Solano,2021-04-11,1171,253822,741,122287,304,124950,126,6585,608,63842,560,98088,734,161930,California
Solano,2021-04-12,3152,256974,1640,123927,1174,126124,338,6923,1473,63978,1674,99762,1810,163740,California
Solano,2021-04-13,2331,259305,1038,124965,1292,127416,1,6924,1253,64157,1075,100837,1254,164994,California
Solano,2021-04-14,4899,264204,1531,126496,3368,130784,0,6924,1561,62388,3330,104167,1561,166555,California
Solano,2021-04-15,2912,267116,1361,127857,1551,132335,0,6924,1280,62042,1628,105795,1282,167837,California
Solano,2021-04-16,1365,268481,687,128544,678,133013,0,6924,676,62032,686,106481,676,168513,California
Sonoma,2020-12-15,4,4,4,4,0,0,0,0,4,4,0,0,4,4,California
Sonoma,2020-12-16,27,31,27,31,0,0,0,0,27,31,0,0,27,31,California
Sonoma,2020-12-17,102,133,102,133,0,0,0,0,102,133,0,0,102,133,California
Sonoma,2020-12-18,422,555,422,555,0,0,0,0,422,555,0,0,422,555,California
Sonoma,2020-12-19,111,666,110,665,1,1,0,0,111,666,0,0,111,666,California
Sonoma,2020-12-20,174,840,174,839,0,1,0,0,174,840,0,0,174,840,California
Sonoma,2020-12-21,911,1751,909,1748,2,3,0,0,910,1750,0,0,910,1750,California
Sonoma,2020-12-22,1356,3107,1264,3012,92,95,0,0,1356,3106,0,0,1356,3106,California
Sonoma,2020-12-23,1603,4710,1228,4240,375,470,0,0,1604,4710,0,0,1604,4710,California
Sonoma,2020-12-24,305,5015,101,4341,204,674,0,0,305,5015,0,0,305,5015,California
Sonoma,2020-12-25,8,5023,2,4343,6,680,0,0,8,5023,0,0,8,5023,California
Sonoma,2020-12-26,266,5289,255,4598,11,691,0,0,266,5289,0,0,266,5289,California
Sonoma,2020-12-27,93,5382,80,4678,13,704,0,0,93,5382,0,0,93,5382,California
Sonoma,2020-12-28,987,6369,552,5230,435,1139,0,0,959,6341,0,0,959,6341,California
Sonoma,2020-12-29,1129,7498,776,6006,353,1492,0,0,1095,7436,0,0,1095,7436,California
Sonoma,2020-12-30,1092,8590,478,6484,614,2106,0,0,1084,8520,0,0,1084,8520,California
Sonoma,2020-12-31,518,9108,71,6555,447,2553,0,0,519,9039,0,0,519,9039,California
Sonoma,2021-01-01,10,9118,5,6560,5,2558,0,0,10,9049,0,0,10,9049,California
Sonoma,2021-01-02,132,9250,126,6686,6,2564,0,0,132,9181,0,0,132,9181,California
Sonoma,2021-01-03,25,9275,11,6697,14,2578,0,0,25,9206,0,0,25,9206,California
Sonoma,2021-01-04,341,9616,105,6802,236,2814,0,0,340,9546,0,0,340,9546,California
Sonoma,2021-01-05,437,10053,102,6904,335,3149,0,0,413,9944,15,15,413,9959,California
Sonoma,2021-01-06,948,11001,434,7338,514,3663,0,0,836,10675,105,120,836,10795,California
Sonoma,2021-01-07,1025,12026,533,7871,492,4155,0,0,855,11361,169,289,855,11650,California
Sonoma,2021-01-08,1784,13810,1228,9099,556,4711,0,0,1313,12205,469,758,1313,12963,California
Sonoma,2021-01-09,636,14446,400,9499,236,4947,0,0,588,12745,48,806,588,13551,California
Sonoma,2021-01-10,472,14918,461,9960,11,4958,0,0,279,12831,193,999,279,13830,California
Sonoma,2021-01-11,1382,16300,1236,11196,146,5104,0,0,413,12279,965,1964,413,14243,California
Sonoma,2021-01-12,1545,17845,1292,12488,253,5357,0,0,395,11526,1148,3112,395,14638,California
Sonoma,2021-01-13,2066,19911,1424,13912,642,5999,0,0,1203,11869,860,3972,1203,15841,California
Sonoma,2021-01-14,1532,21443,808,14720,724,6723,0,0,1302,12941,230,4202,1302,17143,California
Sonoma,2021-01-15,1562,23005,634,15354,928,7651,0,0,1342,14073,211,4413,1343,18486,California
Sonoma,2021-01-16,1144,24149,615,15969,529,8180,0,0,899,14731,241,4654,899,19385,California
Sonoma,2021-01-17,669,24818,549,16518,120,8300,0,0,588,15238,81,4735,588,19973,California
Sonoma,2021-01-18,1103,25921,931,17449,172,8472,0,0,612,15360,491,5226,613,20586,California
Sonoma,2021-01-19,2092,28013,1004,18453,1088,9560,0,0,1383,16037,707,5933,1384,21970,California
Sonoma,2021-01-20,2073,30086,623,19076,1450,11010,0,0,1414,16802,650,6583,1415,23385,California
Sonoma,2021-01-21,2234,32320,620,19696,1614,12624,0,0,2015,18601,217,6800,2016,25401,California
Sonoma,2021-01-22,2725,35045,1034,20730,1691,14315,0,0,2577,21031,147,6947,2577,27978,California
Sonoma,2021-01-23,766,35811,591,21321,175,14490,0,0,659,21584,106,7053,659,28637,California
Sonoma,2021-01-24,847,36658,713,22034,134,14624,0,0,832,22401,15,7068,832,29469,California
Sonoma,2021-01-25,2168,38826,519,22553,1649,16273,0,0,1681,23595,487,7555,1681,31150,California
Sonoma,2021-01-26,2003,40829,294,22847,1709,17982,0,0,1547,24687,455,8010,1547,32697,California
Sonoma,2021-01-27,3690,44519,1274,24121,2416,20398,0,0,3117,27236,571,8581,3120,35817,California
Sonoma,2021-01-28,4100,48619,1833,25954,2267,22665,0,0,3434,30008,663,9244,3435,39252,California
Sonoma,2021-01-29,2957,51576,1404,27358,1553,24218,0,0,2128,31310,827,10071,2129,41381,California
Sonoma,2021-01-30,2573,54149,2386,29744,187,24405,0,0,2239,33216,334,10405,2240,43621,California
Sonoma,2021-01-31,775,54924,663,30407,112,24517,0,0,577,33596,197,10602,577,44198,California
Sonoma,2021-02-01,2499,57423,881,31288,1618,26135,0,0,2094,35287,403,11005,2094,46292,California
Sonoma,2021-02-02,3443,60866,1365,32653,2078,28213,0,0,2878,37602,563,11568,2878,49170,California
Sonoma,2021-02-03,4022,64888,1319,33972,2703,30916,0,0,3097,39776,923,12491,3097,52267,California
Sonoma,2021-02-04,4185,69073,1704,35676,2481,33397,0,0,3410,42413,773,13264,3410,55677,California
Sonoma,2021-02-05,4798,73871,1732,37408,3066,36463,0,0,3786,45192,1008,14272,3787,59464,California
Sonoma,2021-02-06,2652,76523,2292,39700,360,36823,0,0,2094,46729,557,14829,2094,61558,California
Sonoma,2021-02-07,1529,78052,1395,41095,134,36957,0,0,1280,47760,249,15078,1280,62838,California
Sonoma,2021-02-08,3249,81301,1031,42126,2218,39175,0,0,2669,49850,579,15657,2669,65507,California
Sonoma,2021-02-09,3549,84850,1693,43819,1856,41031,0,0,3070,52444,477,16134,3071,68578,California
Sonoma,2021-02-10,4403,89253,2359,46178,2044,43075,0,0,3371,54790,1026,17160,3372,71950,California
Sonoma,2021-02-11,5330,94583,2786,48964,2544,45619,0,0,4157,57776,1171,18331,4157,76107,California
Sonoma,2021-02-12,5627,100210,2973,51937,2654,48273,0,0,4213,60581,1410,19741,4215,80322,California
Sonoma,2021-02-13,1984,102194,1152,53089,832,49105,0,0,1207,61014,774,20515,1207,81529,California
Sonoma,2021-02-14,2313,104507,1817,54906,496,49601,0,0,1569,61840,743,21258,1569,83098,California
Sonoma,2021-02-15,2130,106637,785,55691,1345,50946,0,0,1603,62917,526,21784,1603,84701,California
Sonoma,2021-02-16,4610,111247,2045,57736,2565,53511,0,0,3362,65035,1244,23028,3362,88063,California
Sonoma,2021-02-17,5319,116566,2885,60621,2434,55945,0,0,3327,66380,1983,25011,3328,91391,California
Sonoma,2021-02-18,6770,123336,2993,63614,3777,59722,0,0,3873,67364,2889,27900,3873,95264,California
Sonoma,2021-02-19,5355,128691,1654,65268,3701,63423,0,0,3266,68546,2084,29984,3266,98530,California
Sonoma,2021-02-20,3101,131792,2821,68089,280,63703,0,0,1221,67893,1874,31858,1221,99751,California
Sonoma,2021-02-21,515,132307,412,68501,103,63806,0,0,127,67635,385,32243,127,99878,California
Sonoma,2021-02-22,2712,135019,1353,69854,1359,65165,0,0,1042,67012,1665,33908,1042,100920,California
Sonoma,2021-02-23,3080,138099,2055,71909,1025,66190,0,0,1348,66632,1728,35636,1348,102268,California
Sonoma,2021-02-24,5451,143550,2537,74446,2914,69104,0,0,2735,66658,2711,38347,2737,105005,California
Sonoma,2021-02-25,5638,149188,2221,76667,3417,72521,0,0,2967,66975,2650,40997,2967,107972,California
Sonoma,2021-02-26,6005,155193,2736,79403,3269,75790,0,0,3734,68443,2266,43263,3734,111706,California
Sonoma,2021-02-27,3997,159190,1902,81305,2095,77885,0,0,2664,69776,1331,44594,2664,114370,California
Sonoma,2021-02-28,2327,161517,1844,83149,483,78368,0,0,612,68679,1709,46303,612,114982,California
Sonoma,2021-03-01,3657,165174,1124,84273,2533,80901,0,0,1812,68655,1837,48140,1813,116795,California
Sonoma,2021-03-02,4200,169374,1455,85728,2745,83646,0,0,2474,69411,1718,49858,2474,119269,California
Sonoma,2021-03-03,4803,174177,2503,88231,2300,85946,0,0,2220,69055,2576,52434,2220,121489,California
Sonoma,2021-03-04,5672,179849,2433,90664,3239,89185,0,0,2562,68521,3096,55530,2562,124051,California
Sonoma,2021-03-05,6150,185999,2550,93214,3585,92770,15,15,2703,67805,3435,58965,2719,126770,California
Sonoma,2021-03-06,2748,188747,1205,94419,1409,94179,134,149,1890,68975,853,59818,2023,128793,California
Sonoma,2021-03-07,1678,190425,1391,95810,252,94431,35,184,355,68044,1321,61139,390,129183,California
Sonoma,2021-03-08,3881,194306,652,96462,3054,97485,175,359,2218,68782,1653,62792,2391,131574,California
Sonoma,2021-03-09,5399,199705,2995,99457,2163,99648,241,600,2656,68943,2736,65528,2897,134471,California
Sonoma,2021-03-10,5928,205633,3163,102620,2440,102088,325,925,2394,68141,3520,69048,2718,137189,California
Sonoma,2021-03-11,7483,213116,2973,105593,3692,105780,818,1743,2646,66775,4829,73877,3463,140652,California
Sonoma,2021-03-12,7374,220490,2254,107847,3761,109541,1359,3102,2100,64974,5256,79133,3455,144107,California
Sonoma,2021-03-13,3226,223716,1539,109386,1454,110995,233,3335,1838,65655,1387,80520,2068,146175,California
Sonoma,2021-03-14,1373,225089,381,109767,850,111845,142,3477,846,66118,524,81044,987,147162,California
Sonoma,2021-03-15,5208,230297,1491,111258,3332,115177,385,3862,2189,65680,3011,84055,2573,149735,California
Sonoma,2021-03-16,6246,236543,2220,113478,3795,118972,231,4093,3154,65977,3087,87142,3384,153119,California
Sonoma,2021-03-17,6717,243260,3510,116988,3028,122000,179,4272,3529,66507,3179,90321,3709,156828,California
Sonoma,2021-03-18,7069,250329,2921,119909,3538,125538,610,4882,3161,66372,3903,94224,3768,160596,California
Sonoma,2021-03-19,7448,257777,3213,123122,4004,129542,231,5113,3309,65795,4121,98345,3544,164140,California
Sonoma,2021-03-20,3627,261404,1743,124865,1054,130596,830,5943,1969,66943,1651,99996,2799,166939,California
Sonoma,2021-03-21,1372,262776,603,125468,736,131332,33,5976,1207,68021,162,100158,1240,168179,California
Sonoma,2021-03-22,4474,267250,3080,128548,1294,132626,100,6076,3532,70715,939,101097,3633,171812,California
Sonoma,2021-03-23,5760,273010,3580,132128,2104,134730,76,6152,4640,74320,1111,102208,4716,176528,California
Sonoma,2021-03-24,6568,279578,4254,136382,2249,136979,65,6217,4143,76118,2409,104617,4207,180735,California
Sonoma,2021-03-25,6887,286465,4138,140520,2645,139624,104,6321,4273,77904,2592,107209,4378,185113,California
Sonoma,2021-03-26,7231,293696,3426,143946,3717,143341,88,6409,3992,78759,3225,110434,4080,189193,California
Sonoma,2021-03-27,3774,297470,1493,145439,1919,145260,362,6771,1122,77595,2647,113081,1483,190676,California
Sonoma,2021-03-28,1505,298975,949,146388,529,145789,27,6798,948,78014,556,113637,975,191651,California
Sonoma,2021-03-29,2816,301791,1076,147464,1707,147496,33,6831,1614,78464,1197,114834,1647,193298,California
Sonoma,2021-03-30,5629,307420,3113,150577,2455,149951,61,6892,3040,78984,2582,117416,3102,196400,California
Sonoma,2021-03-31,5481,312901,3328,153905,1940,151891,213,7105,3290,80306,2181,119597,3503,199903,California
Sonoma,2021-04-01,6662,319563,3961,157866,2369,154260,332,7437,3579,81143,3070,122667,3907,203810,California
Sonoma,2021-04-02,5895,325458,3533,161399,2253,156513,109,7546,3556,82474,2335,125002,3666,207476,California
Sonoma,2021-04-03,3355,328813,1639,163038,1497,158010,219,7765,1472,82294,1871,126873,1691,209167,California
Sonoma,2021-04-04,1050,329863,682,163720,279,158289,89,7854,665,82664,384,127257,754,209921,California
Sonoma,2021-04-05,4342,334205,576,164296,3430,161719,336,8190,1790,82244,2546,129803,2126,212047,California
Sonoma,2021-04-06,6780,340985,3454,167750,2928,164647,398,8588,3966,83805,2802,132605,4363,216410,California
Sonoma,2021-04-07,6733,347718,3803,171553,2102,166749,828,9416,3274,84452,3451,136056,4098,220508,California
Sonoma,2021-04-08,7455,355173,4083,175636,2605,169354,767,10183,4065,85901,3381,139437,4830,225338,California
Sonoma,2021-04-09,6540,361713,3596,179232,2099,171453,845,11028,3309,86829,3220,142657,4148,229486,California
Sonoma,2021-04-10,3707,365420,1676,180908,1479,172932,552,11580,1084,85845,2615,145272,1631,231117,California
Sonoma,2021-04-11,1274,366694,602,181510,591,173523,81,11661,434,85522,838,146110,515,231632,California
Sonoma,2021-04-12,4850,371544,1981,183491,2391,175914,478,12139,1784,84719,3059,149169,2256,233888,California
Sonoma,2021-04-13,7532,379076,4545,188036,2985,178899,2,12141,2800,82799,4723,153892,2803,236691,California
Sonoma,2021-04-14,5878,384954,3291,191327,2568,181467,19,12160,2252,81458,3613,157505,2272,238963,California
Sonoma,2021-04-15,5957,390911,3421,194748,2536,184003,0,12160,2967,81459,2979,160484,2980,241943,California
Sonoma,2021-04-16,3804,394715,2041,196789,1762,185765,1,12161,2511,82685,1286,161770,2512,244455,California
Stanislaus,2020-12-15,2,2,2,2,0,0,0,0,2,2,0,0,2,2,California
Stanislaus,2020-12-16,37,39,37,39,0,0,0,0,37,39,0,0,37,39,California
Stanislaus,2020-12-17,73,112,73,112,0,0,0,0,73,112,0,0,73,112,California
Stanislaus,2020-12-18,428,540,421,533,7,7,0,0,428,540,0,0,428,540,California
Stanislaus,2020-12-19,191,731,191,724,0,7,0,0,191,731,0,0,191,731,California
Stanislaus,2020-12-20,126,857,126,850,0,7,0,0,126,857,0,0,126,857,California
Stanislaus,2020-12-21,1124,1981,1121,1971,3,10,0,0,1123,1980,0,0,1123,1980,California
Stanislaus,2020-12-22,849,2830,837,2808,12,22,0,0,849,2829,0,0,849,2829,California
Stanislaus,2020-12-23,460,3290,443,3251,17,39,0,0,459,3288,0,0,459,3288,California
Stanislaus,2020-12-24,97,3387,88,3339,9,48,0,0,97,3385,0,0,97,3385,California
Stanislaus,2020-12-26,50,3437,8,3347,42,90,0,0,50,3435,0,0,50,3435,California
Stanislaus,2020-12-27,11,3448,6,3353,5,95,0,0,11,3446,0,0,11,3446,California
Stanislaus,2020-12-28,502,3950,406,3759,96,191,0,0,502,3948,0,0,502,3948,California
Stanislaus,2020-12-29,505,4455,430,4189,75,266,0,0,505,4453,0,0,505,4453,California
Stanislaus,2020-12-30,542,4997,286,4475,256,522,0,0,542,4994,1,1,542,4995,California
Stanislaus,2020-12-31,314,5311,171,4646,143,665,0,0,316,5310,0,1,316,5311,California
Stanislaus,2021-01-01,9,5320,2,4648,7,672,0,0,9,5319,0,1,9,5320,California
Stanislaus,2021-01-02,31,5351,24,4672,7,679,0,0,31,5350,0,1,31,5351,California
Stanislaus,2021-01-03,89,5440,85,4757,4,683,0,0,89,5439,0,1,89,5440,California
Stanislaus,2021-01-04,117,5557,33,4790,84,767,0,0,120,5559,0,1,120,5560,California
Stanislaus,2021-01-05,854,6411,337,5127,517,1284,0,0,823,6365,23,24,829,6389,California
Stanislaus,2021-01-06,978,7389,547,5674,431,1715,0,0,903,7205,64,88,904,7293,California
Stanislaus,2021-01-07,1092,8481,701,6375,391,2106,0,0,966,8059,113,201,967,8260,California
Stanislaus,2021-01-08,1320,9801,755,7130,565,2671,0,0,947,8643,367,568,951,9211,California
Stanislaus,2021-01-09,284,10085,141,7271,143,2814,0,0,194,8747,90,658,194,9405,California
Stanislaus,2021-01-10,48,10133,21,7292,27,2841,0,0,29,8757,19,677,29,9434,California
Stanislaus,2021-01-11,1552,11685,1266,8558,286,3127,0,0,606,8437,940,1617,620,10054,California
Stanislaus,2021-01-12,1494,13179,890,9448,604,3731,0,0,832,8618,658,2275,839,10893,California
Stanislaus,2021-01-13,1442,14621,677,10125,765,4496,0,0,1115,9414,326,2601,1122,12015,California
Stanislaus,2021-01-14,2218,16839,281,10406,1937,6433,0,0,2066,11385,150,2751,2121,14136,California
Stanislaus,2021-01-15,2886,19725,1145,11551,1741,8174,0,0,2730,14047,134,2885,2796,16932,California
Stanislaus,2021-01-16,567,20292,50,11601,517,8691,0,0,552,14587,14,2899,554,17486,California
Stanislaus,2021-01-17,241,20533,200,11801,41,8732,0,0,236,14818,5,2904,236,17722,California
Stanislaus,2021-01-18,2180,22713,1020,12821,1160,9892,0,0,1809,16319,368,3272,1869,19591,California
Stanislaus,2021-01-19,1272,23985,738,13559,534,10426,0,0,811,16673,458,3730,812,20403,California
Stanislaus,2021-01-20,999,24984,484,14043,515,10941,0,0,704,17083,294,4024,704,21107,California
Stanislaus,2021-01-21,3673,28657,2962,17005,711,11652,0,0,3356,20211,315,4339,3443,24550,California
Stanislaus,2021-01-22,1095,29752,309,17314,786,12438,0,0,1052,21228,39,4378,1056,25606,California
Stanislaus,2021-01-23,343,30095,38,17352,305,12743,0,0,289,21467,54,4432,293,25899,California
Stanislaus,2021-01-24,289,30384,99,17451,190,12933,0,0,223,21626,66,4498,225,26124,California
Stanislaus,2021-01-25,3143,33527,217,17668,2926,15859,0,0,2838,24289,306,4804,2969,29093,California
Stanislaus,2021-01-26,1731,35258,738,18406,993,16852,0,0,1313,25203,414,5218,1328,30421,California
Stanislaus,2021-01-27,1831,37089,973,19379,858,17710,0,0,1174,25729,649,5867,1175,31596,California
Stanislaus,2021-01-28,2247,39336,1496,20875,751,18461,0,0,1758,27059,478,6345,1808,33404,California
Stanislaus,2021-01-29,2481,41817,1201,22076,1280,19741,0,0,1948,28566,484,6829,1991,35395,California
Stanislaus,2021-01-30,298,42115,122,22198,176,19917,0,0,248,28762,52,6881,248,35643,California
Stanislaus,2021-01-31,364,42479,311,22509,53,19970,0,0,363,29115,10,6891,363,36006,California
Stanislaus,2021-02-01,1264,43743,542,23051,722,20692,0,0,925,29714,326,7217,925,36931,California
Stanislaus,2021-02-02,1247,44990,373,23424,874,21566,0,0,793,30067,444,7661,797,37728,California
Stanislaus,2021-02-03,2491,47481,1072,24496,1419,22985,0,0,1816,31217,671,8332,1821,39549,California
Stanislaus,2021-02-04,2098,49579,718,25214,1380,24365,0,0,1587,32303,505,8837,1591,41140,California
Stanislaus,2021-02-05,2847,52426,1451,26665,1396,25761,0,0,1608,32727,1188,10025,1612,42752,California
Stanislaus,2021-02-06,1009,53435,287,26952,722,26483,0,0,821,33362,187,10212,822,43574,California
Stanislaus,2021-02-07,212,53647,188,27140,24,26507,0,0,42,33236,169,10381,43,43617,California
Stanislaus,2021-02-08,2019,55666,1308,28448,711,27218,0,0,1116,33477,877,11258,1118,44735,California
Stanislaus,2021-02-09,1872,57538,788,29236,1084,28302,0,0,1100,33812,768,12026,1103,45838,California
Stanislaus,2021-02-10,1982,59520,564,29800,1418,29720,0,0,1063,33975,902,12928,1065,46903,California
Stanislaus,2021-02-11,5537,65057,3413,33213,2124,31844,0,0,1406,31415,3970,16898,1410,48313,California
Stanislaus,2021-02-12,3526,68583,1100,34313,2426,34270,0,0,1662,31263,1815,18713,1663,49976,California
Stanislaus,2021-02-13,1534,70117,743,35056,791,35061,0,0,1086,31907,447,19160,1091,51067,California
Stanislaus,2021-02-14,420,70537,169,35225,251,35312,0,0,355,32197,65,19225,355,51422,California
Stanislaus,2021-02-15,1844,72381,254,35479,1590,36902,0,0,631,31717,1116,20341,636,52058,California
Stanislaus,2021-02-16,1388,73769,415,35894,973,37875,0,0,613,31562,770,21111,615,52673,California
Stanislaus,2021-02-17,2745,76514,1662,37556,1083,38958,0,0,1973,32767,775,21886,1980,54653,California
Stanislaus,2021-02-18,3385,79899,1878,39434,1507,40465,0,0,1836,33131,1480,23366,1844,56497,California
Stanislaus,2021-02-19,2783,82682,1045,40479,1738,42203,0,0,1568,33520,1188,24554,1577,58074,California
Stanislaus,2021-02-20,755,83437,371,40850,384,42587,0,0,497,33770,249,24803,499,58573,California
Stanislaus,2021-02-21,869,84306,657,41507,212,42799,0,0,525,33976,330,25133,536,59109,California
Stanislaus,2021-02-22,2370,86676,1678,43185,692,43491,0,0,1661,34953,686,25819,1663,60772,California
Stanislaus,2021-02-23,3703,90379,679,43864,3024,46515,0,0,1754,34895,1817,27636,1759,62531,California
Stanislaus,2021-02-24,4206,94585,2859,46723,1347,47862,0,0,3195,37098,996,28632,3199,65730,California
Stanislaus,2021-02-25,3920,98505,2642,49365,1278,49140,0,0,3121,39436,786,29418,3124,68854,California
Stanislaus,2021-02-26,4236,102741,1212,50577,3024,52164,0,0,2873,40992,1326,30744,2882,71736,California
Stanislaus,2021-02-27,2221,104962,703,51280,1517,53681,1,1,1969,42733,229,30973,1970,73706,California
Stanislaus,2021-02-28,814,105776,264,51544,550,54231,0,1,763,43452,45,31018,764,74470,California
Stanislaus,2021-03-01,2782,108558,1593,53137,1189,55420,0,1,1651,43991,1116,32134,1655,76125,California
Stanislaus,2021-03-02,2404,110962,1422,54559,982,56402,0,1,1667,44925,733,32867,1667,77792,California
Stanislaus,2021-03-03,3774,114736,2264,56823,1507,57909,3,4,2924,47008,841,33708,2924,80716,California
Stanislaus,2021-03-04,5591,120327,3222,60045,2351,60260,18,22,4252,49950,1322,35030,4264,84980,California
Stanislaus,2021-03-05,4276,124603,1310,61355,2950,63210,16,38,3153,52006,1112,36142,3168,88148,California
Stanislaus,2021-03-06,3766,128369,2271,63626,1402,64612,93,131,2743,53822,1022,37164,2838,90986,California
Stanislaus,2021-03-07,843,129212,384,64010,422,65034,37,168,652,54326,184,37348,688,91674,California
Stanislaus,2021-03-08,2061,131273,920,64930,1053,66087,88,256,1326,55014,725,38073,1413,93087,California
Stanislaus,2021-03-09,2275,133548,945,65875,1237,67324,93,349,1696,56235,571,38644,1792,94879,California
Stanislaus,2021-03-10,5100,138648,2513,68388,2364,69688,223,572,3774,58932,1312,39956,4009,98888,California
Stanislaus,2021-03-11,5830,144478,3169,71557,2177,71865,484,1056,4241,62225,1434,41390,4727,103615,California
Stanislaus,2021-03-12,5835,150313,1239,72796,2653,74518,1943,2999,2963,64272,2858,44248,4905,108520,California
Stanislaus,2021-03-13,3479,153792,2163,74959,1249,75767,67,3066,2807,66482,669,44917,2879,111399,California
Stanislaus,2021-03-14,974,154766,582,75541,340,76107,52,3118,487,66539,485,45402,542,111941,California
Stanislaus,2021-03-15,3760,158526,1974,77515,1410,77517,376,3494,1663,66578,2008,47410,2047,113988,California
Stanislaus,2021-03-16,4997,163523,2454,79969,2101,79618,442,3936,3604,69220,1403,48813,4045,118033,California
Stanislaus,2021-03-17,4949,168472,3013,82982,1754,81372,182,4118,3107,70679,1836,50649,3295,121328,California
Stanislaus,2021-03-18,5760,174232,3548,86530,2145,83517,67,4185,3315,71751,2316,52965,3388,124716,California
Stanislaus,2021-03-19,6379,180611,1744,88274,3105,86622,1530,5715,3494,73915,2861,55826,5025,129741,California
Stanislaus,2021-03-20,4047,184658,3004,91278,973,87595,70,5785,3565,77074,477,56303,3636,133377,California
Stanislaus,2021-03-21,992,185650,892,92170,35,87630,65,5850,758,77662,234,56537,822,134199,California
Stanislaus,2021-03-22,2851,188501,1334,93504,790,88420,727,6577,1261,78071,1578,58115,1987,136186,California
Stanislaus,2021-03-23,3985,192486,2038,95542,1685,90105,262,6839,2853,80079,1120,59235,3128,139314,California
Stanislaus,2021-03-24,4573,197059,3218,98760,1286,91391,69,6908,2671,80960,1863,61098,2744,142058,California
Stanislaus,2021-03-25,4427,201486,3027,101787,1383,92774,17,6925,1974,80572,2380,63478,1992,144050,California
Stanislaus,2021-03-26,4795,206281,1389,103176,3331,96105,75,7000,2431,80755,2335,65813,2518,146568,California
Stanislaus,2021-03-27,4407,210688,2708,105884,1676,97781,23,7023,1362,79124,3030,68843,1399,147967,California
Stanislaus,2021-03-28,1188,211876,448,106332,553,98334,187,7210,351,78845,831,69674,552,148519,California
Stanislaus,2021-03-29,3030,214906,1816,108148,1176,99510,38,7248,2027,79920,997,70671,2072,150591,California
Stanislaus,2021-03-30,3678,218584,2068,110216,1581,101091,29,7277,2249,80784,1423,72094,2287,152878,California
Stanislaus,2021-03-31,5488,224072,3863,114079,1487,102578,138,7415,2786,81035,2688,74782,2939,155817,California
Stanislaus,2021-04-01,5806,229878,3821,117900,1897,104475,88,7503,2661,80676,3134,77916,2775,158592,California
Stanislaus,2021-04-02,5077,234955,1269,119169,3646,108121,162,7665,2275,80411,2721,80637,2456,161048,California
Stanislaus,2021-04-03,4518,239473,3244,122413,1237,109358,37,7702,2207,80378,2304,82941,2271,163319,California
Stanislaus,2021-04-04,1320,240793,488,122901,805,110163,27,7729,658,80416,658,83599,696,164015,California
Stanislaus,2021-04-05,3704,244497,2516,125417,880,111043,308,8037,2374,81778,1326,84925,2688,166703,California
Stanislaus,2021-04-06,5751,250248,4166,129583,1289,112332,296,8333,3038,82416,2703,87628,3341,170044,California
Stanislaus,2021-04-07,6509,256757,3707,133290,2341,114673,461,8794,2809,82005,3685,91313,3274,173318,California
Stanislaus,2021-04-08,5888,262645,3439,136729,1969,116642,480,9274,2785,82184,3091,94404,3270,176588,California
Stanislaus,2021-04-09,4789,267434,2126,138855,2264,118906,399,9673,2091,82005,2682,97086,2503,179091,California
Stanislaus,2021-04-10,6550,273984,3913,142768,977,119883,1660,11333,1979,81085,4554,101640,3634,182725,California
Stanislaus,2021-04-11,1512,275496,852,143620,527,120410,133,11466,653,81013,858,102498,786,183511,California
Stanislaus,2021-04-12,3574,279070,2022,145642,1165,121575,387,11853,1886,81610,1683,104181,2280,185791,California
Stanislaus,2021-04-13,5204,284274,3410,149052,1782,123357,12,11865,2903,82248,2270,106451,2908,188699,California
Stanislaus,2021-04-14,4158,288432,3056,152108,1102,124459,0,11865,2027,82177,2104,108555,2033,190732,California
Stanislaus,2021-04-15,4593,293025,2826,154934,1761,126220,6,11871,2531,82707,2028,110583,2558,193290,California
Stanislaus,2021-04-16,3083,296108,419,155353,2664,128884,0,11871,1445,82547,1623,112206,1463,194753,California
Sutter,2020-12-15,1,1,1,1,0,0,0,0,1,1,0,0,1,1,California
Sutter,2020-12-16,4,5,4,5,0,0,0,0,4,5,0,0,4,5,California
Sutter,2020-12-17,2,7,2,7,0,0,0,0,2,7,0,0,2,7,California
Sutter,2020-12-18,20,27,20,27,0,0,0,0,20,27,0,0,20,27,California
Sutter,2020-12-19,44,71,44,71,0,0,0,0,44,71,0,0,44,71,California
Sutter,2020-12-20,42,113,42,113,0,0,0,0,42,113,0,0,42,113,California
Sutter,2020-12-21,100,213,100,213,0,0,0,0,100,213,0,0,100,213,California
Sutter,2020-12-22,172,385,172,385,0,0,0,0,172,385,0,0,172,385,California
Sutter,2020-12-23,115,500,111,496,4,4,0,0,115,500,0,0,115,500,California
Sutter,2020-12-24,17,517,11,507,6,10,0,0,17,517,0,0,17,517,California
Sutter,2020-12-26,39,556,35,542,4,14,0,0,39,556,0,0,39,556,California
Sutter,2020-12-27,24,580,23,565,1,15,0,0,24,580,0,0,24,580,California
Sutter,2020-12-28,83,663,55,620,28,43,0,0,83,663,0,0,83,663,California
Sutter,2020-12-29,101,764,14,634,87,130,0,0,101,764,0,0,101,764,California
Sutter,2020-12-30,136,900,34,668,102,232,0,0,136,900,0,0,136,900,California
Sutter,2020-12-31,70,970,6,674,64,296,0,0,70,970,0,0,70,970,California
Sutter,2021-01-01,3,973,3,677,0,296,0,0,3,973,0,0,3,973,California
Sutter,2021-01-02,133,1106,131,808,2,298,0,0,133,1106,0,0,133,1106,California
Sutter,2021-01-03,1,1107,0,808,1,299,0,0,1,1107,0,0,1,1107,California
Sutter,2021-01-04,249,1356,140,948,109,408,0,0,249,1356,0,0,249,1356,California
Sutter,2021-01-05,99,1455,56,1004,43,451,0,0,97,1451,2,2,97,1453,California
Sutter,2021-01-06,205,1660,51,1055,154,605,0,0,200,1646,5,7,200,1653,California
Sutter,2021-01-07,253,1913,151,1206,102,707,0,0,244,1882,8,15,244,1897,California
Sutter,2021-01-08,147,2060,40,1246,107,814,0,0,130,1995,17,32,130,2027,California
Sutter,2021-01-09,45,2105,43,1289,2,816,0,0,4,1958,41,73,4,2031,California
Sutter,2021-01-10,397,2502,37,1326,360,1176,0,0,359,2280,37,110,359,2390,California
Sutter,2021-01-11,132,2634,114,1440,18,1194,0,0,26,2200,106,216,26,2416,California
Sutter,2021-01-12,200,2834,163,1603,37,1231,0,0,57,2114,143,359,57,2473,California
Sutter,2021-01-13,160,2994,98,1701,62,1293,0,0,71,2096,89,448,71,2544,California
Sutter,2021-01-14,144,3138,49,1750,95,1388,0,0,125,2202,19,467,125,2669,California
Sutter,2021-01-15,432,3570,130,1880,302,1690,0,0,417,2604,15,482,417,3086,California
Sutter,2021-01-16,386,3956,42,1922,344,2034,0,0,354,2927,31,513,354,3440,California
Sutter,2021-01-17,26,3982,24,1946,2,2036,0,0,10,2921,16,529,10,3450,California
Sutter,2021-01-18,116,4098,61,2007,55,2091,0,0,69,2943,47,576,69,3519,California
Sutter,2021-01-19,104,4202,43,2050,61,2152,0,0,79,2997,25,601,79,3598,California
Sutter,2021-01-20,254,4456,190,2240,64,2216,0,0,234,3211,20,621,234,3832,California
Sutter,2021-01-21,435,4891,267,2507,168,2384,0,0,416,3608,19,640,416,4248,California
Sutter,2021-01-22,269,5160,82,2589,187,2571,0,0,260,3859,9,649,260,4508,California
Sutter,2021-01-23,396,5556,40,2629,356,2927,0,0,370,4203,26,675,370,4878,California
Sutter,2021-01-24,17,5573,14,2643,3,2930,0,0,15,4216,2,677,15,4893,California
Sutter,2021-01-25,304,5877,196,2839,108,3038,0,0,151,4215,152,829,151,5044,California
Sutter,2021-01-26,243,6120,103,2942,140,3178,0,0,145,4263,97,926,145,5189,California
Sutter,2021-01-27,384,6504,254,3196,130,3308,0,0,319,4517,65,991,319,5508,California
Sutter,2021-01-28,522,7026,299,3495,223,3531,0,0,392,4780,129,1120,392,5900,California
Sutter,2021-01-29,416,7442,144,3639,272,3803,0,0,252,4868,164,1284,252,6152,California
Sutter,2021-01-30,775,8217,39,3678,736,4539,0,0,764,5621,11,1295,764,6916,California
Sutter,2021-01-31,27,8244,27,3705,0,4539,0,0,27,5648,0,1295,27,6943,California
Sutter,2021-02-01,164,8408,49,3754,115,4654,0,0,133,5750,31,1326,133,7076,California
Sutter,2021-02-02,241,8649,26,3780,215,4869,0,0,211,5931,30,1356,211,7287,California
Sutter,2021-02-03,443,9092,38,3818,405,5274,0,0,208,5904,235,1591,208,7495,California
Sutter,2021-02-04,670,9762,367,4185,303,5577,0,0,620,6474,50,1641,620,8115,California
Sutter,2021-02-05,284,10046,32,4217,252,5829,0,0,134,6458,150,1791,134,8249,California
Sutter,2021-02-06,733,10779,27,4244,706,6535,0,0,713,7151,20,1811,713,8962,California
Sutter,2021-02-07,23,10802,20,4264,3,6538,0,0,19,7166,4,1815,19,8981,California
Sutter,2021-02-08,134,10936,29,4293,105,6643,0,0,98,7228,36,1851,98,9079,California
Sutter,2021-02-09,245,11181,45,4338,200,6843,0,0,184,7351,61,1912,184,9263,California
Sutter,2021-02-10,800,11981,379,4717,421,7264,0,0,175,6902,624,2536,175,9438,California
Sutter,2021-02-11,601,12582,272,4989,329,7593,0,0,372,7045,229,2765,372,9810,California
Sutter,2021-02-12,627,13209,67,5056,560,8153,0,0,311,7040,316,3081,311,10121,California
Sutter,2021-02-13,897,14106,49,5105,848,9001,0,0,781,7705,116,3197,781,10902,California
Sutter,2021-02-14,91,14197,25,5130,66,9067,0,0,81,7776,10,3207,81,10983,California
Sutter,2021-02-15,198,14395,72,5202,126,9193,0,0,121,7820,77,3284,121,11104,California
Sutter,2021-02-16,288,14683,45,5247,243,9436,0,0,205,7943,82,3366,205,11309,California
Sutter,2021-02-17,827,15510,430,5677,397,9833,0,0,128,7372,699,4065,128,11437,California
Sutter,2021-02-18,694,16204,50,5727,644,10477,0,0,484,7647,209,4274,484,11921,California
Sutter,2021-02-19,661,16865,377,6104,284,10761,0,0,461,7910,198,4472,461,12382,California
Sutter,2021-02-20,615,17480,52,6156,563,11324,0,0,512,8319,103,4575,512,12894,California
Sutter,2021-02-21,29,17509,26,6182,3,11327,0,0,6,8302,23,4598,6,12900,California
Sutter,2021-02-22,207,17716,123,6305,84,11411,0,0,87,8269,120,4718,87,12987,California
Sutter,2021-02-23,221,17937,32,6337,189,11600,0,0,97,8242,124,4842,97,13084,California
Sutter,2021-02-24,956,18893,348,6685,608,12208,0,0,189,7665,766,5608,189,13273,California
Sutter,2021-02-25,768,19661,486,7171,282,12490,0,0,589,8078,176,5784,589,13862,California
Sutter,2021-02-26,365,20026,58,7229,307,12797,0,0,151,8017,212,5996,151,14013,California
Sutter,2021-02-27,863,20889,43,7272,820,13617,0,0,709,8570,156,6152,709,14722,California
Sutter,2021-02-28,82,20971,37,7309,45,13662,0,0,65,8618,17,6169,65,14787,California
Sutter,2021-03-01,246,21217,60,7369,186,13848,0,0,150,8672,96,6265,150,14937,California
Sutter,2021-03-02,333,21550,56,7425,277,14125,0,0,160,8660,172,6437,160,15097,California
Sutter,2021-03-03,1371,22921,502,7927,869,14994,0,0,635,8565,730,7167,635,15732,California
Sutter,2021-03-04,1248,24169,860,8787,388,15382,0,0,947,9215,297,7464,947,16679,California
Sutter,2021-03-05,333,24502,75,8862,257,15639,1,1,201,9286,131,7595,202,16881,California
Sutter,2021-03-06,1025,25527,45,8907,975,16614,5,6,864,9994,161,7756,869,17750,California
Sutter,2021-03-07,63,25590,23,8930,39,16653,1,7,43,10018,20,7776,44,17794,California
Sutter,2021-03-08,225,25815,77,9007,135,16788,13,20,156,10118,69,7845,169,17963,California
Sutter,2021-03-09,383,26198,133,9140,237,17025,13,33,180,10109,202,8047,193,18156,California
Sutter,2021-03-10,1564,27762,679,9819,824,17849,61,94,522,9653,1039,9086,583,18739,California
Sutter,2021-03-11,890,28652,437,10256,434,18283,19,113,644,10073,243,9329,663,19402,California
Sutter,2021-03-12,667,29319,108,10364,377,18660,182,295,195,9979,469,9798,375,19777,California
Sutter,2021-03-13,981,30300,750,11114,214,18874,17,312,783,10583,196,9994,800,20577,California
Sutter,2021-03-14,127,30427,20,11134,96,18970,11,323,41,10549,86,10080,52,20629,California
Sutter,2021-03-15,318,30745,66,11200,203,19173,49,372,150,10581,167,10247,199,20828,California
Sutter,2021-03-16,385,31130,86,11286,253,19426,46,418,208,10658,177,10424,254,21082,California
Sutter,2021-03-17,1473,32603,551,11837,903,20329,19,437,302,9816,1163,11587,321,21403,California
Sutter,2021-03-18,957,33560,163,12000,597,20926,197,634,572,10200,384,11971,768,22171,California
Sutter,2021-03-19,460,34020,163,12163,268,21194,29,663,283,10337,175,12146,312,22483,California
Sutter,2021-03-20,947,34967,115,12278,821,22015,11,674,860,11121,87,12233,871,23354,California
Sutter,2021-03-21,64,35031,46,12324,15,22030,3,677,35,11130,29,12262,38,23392,California
Sutter,2021-03-22,289,35320,122,12446,141,22171,26,703,213,11293,76,12338,239,23631,California
Sutter,2021-03-23,350,35670,117,12563,201,22372,32,735,238,11451,112,12450,270,23901,California
Sutter,2021-03-24,1623,37293,718,13281,836,23208,69,804,313,10535,1298,13748,382,24283,California
Sutter,2021-03-25,1012,38305,669,13950,302,23510,41,845,354,10274,656,14404,395,24678,California
Sutter,2021-03-26,482,38787,173,14123,292,23802,17,862,293,10398,186,14590,310,24988,California
Sutter,2021-03-27,930,39717,63,14186,865,24667,2,864,820,11114,106,14696,822,25810,California
Sutter,2021-03-28,126,39843,71,14257,55,24722,0,864,78,11146,46,14742,78,25888,California
Sutter,2021-03-29,422,40265,141,14398,226,24948,55,919,225,11231,195,14937,280,26168,California
Sutter,2021-03-30,474,40739,158,14556,306,25254,10,929,317,11401,157,15094,327,26495,California
Sutter,2021-03-31,1232,41971,174,14730,1041,26295,17,946,453,11100,770,15864,469,26964,California
Sutter,2021-04-01,1361,43332,720,15450,454,26749,187,1133,407,10746,949,16813,595,27559,California
Sutter,2021-04-02,489,43821,93,15543,294,27043,102,1235,200,10757,288,17101,299,27858,California
Sutter,2021-04-03,915,44736,77,15620,209,27252,629,1864,121,10715,792,17893,750,28608,California
Sutter,2021-04-04,117,44853,22,15642,89,27341,6,1870,56,10716,61,17954,62,28670,California
Sutter,2021-04-05,364,45217,142,15784,186,27527,36,1906,174,10739,187,18141,210,28880,California
Sutter,2021-04-06,483,45700,190,15974,237,27764,56,1962,254,10821,228,18369,310,29190,California
Sutter,2021-04-07,1476,47176,870,16844,531,28295,75,2037,614,10655,855,19224,689,29879,California
Sutter,2021-04-08,1028,48204,579,17423,341,28636,108,2145,564,10868,457,19681,670,30549,California
Sutter,2021-04-09,543,48747,238,17661,242,28878,63,2208,225,10840,316,19997,288,30837,California
Sutter,2021-04-10,821,49568,105,17766,88,28966,628,2836,102,10848,716,20713,724,31561,California
Sutter,2021-04-11,110,49678,26,17792,40,29006,44,2880,30,10841,80,20793,73,31634,California
Sutter,2021-04-12,330,50008,92,17884,187,29193,51,2931,138,10838,192,20985,189,31823,California
Sutter,2021-04-13,398,50406,108,17992,290,29483,0,2931,198,10839,197,21182,198,32021,California
Sutter,2021-04-14,1244,51650,133,18125,1110,30593,1,2932,204,10011,1034,22216,206,32227,California
Sutter,2021-04-15,412,52062,156,18281,256,30849,0,2932,148,9897,262,22478,148,32375,California
Sutter,2021-04-16,219,52281,45,18326,174,31023,0,2932,109,9898,108,22586,109,32484,California
Tehama,2020-12-15,1,1,1,1,0,0,0,0,1,1,0,0,1,1,California
Tehama,2020-12-16,2,3,2,3,0,0,0,0,2,3,0,0,2,3,California
Tehama,2020-12-17,12,15,12,15,0,0,0,0,12,15,0,0,12,15,California
Tehama,2020-12-18,2,17,2,17,0,0,0,0,3,18,0,0,3,18,California
Tehama,2020-12-21,33,50,33,50,0,0,0,0,33,51,0,0,33,51,California
Tehama,2020-12-22,68,118,62,112,6,6,0,0,68,119,0,0,68,119,California
Tehama,2020-12-23,48,166,40,152,8,14,0,0,48,167,0,0,48,167,California
Tehama,2020-12-24,5,171,3,155,2,16,0,0,5,172,0,0,5,172,California
Tehama,2020-12-26,3,174,2,157,1,17,0,0,3,175,0,0,3,175,California
Tehama,2020-12-27,2,176,2,159,0,17,0,0,2,177,0,0,2,177,California
Tehama,2020-12-28,56,232,43,202,13,30,0,0,56,233,0,0,56,233,California
Tehama,2020-12-29,31,263,31,233,0,30,0,0,31,264,0,0,31,264,California
Tehama,2020-12-30,54,317,38,271,16,46,0,0,53,317,0,0,53,317,California
Tehama,2020-12-31,14,331,4,275,10,56,0,0,14,331,0,0,14,331,California
Tehama,2021-01-01,2,333,0,275,2,58,0,0,2,333,0,0,2,333,California
Tehama,2021-01-04,31,364,8,283,23,81,0,0,31,364,0,0,31,364,California
Tehama,2021-01-05,71,435,44,327,27,108,0,0,68,429,3,3,68,432,California
Tehama,2021-01-06,71,506,21,348,50,158,0,0,62,483,8,11,62,494,California
Tehama,2021-01-07,56,562,7,355,49,207,0,0,55,537,1,12,55,549,California
Tehama,2021-01-08,30,592,24,379,6,213,0,0,25,557,5,17,25,574,California
Tehama,2021-01-09,7,599,5,384,2,215,0,0,5,560,2,19,5,579,California
Tehama,2021-01-10,1,600,0,384,1,216,0,0,1,561,0,19,1,580,California
Tehama,2021-01-11,47,647,46,430,1,217,0,0,14,542,33,52,14,594,California
Tehama,2021-01-12,116,763,96,526,20,237,0,0,71,568,45,97,71,665,California
Tehama,2021-01-13,72,835,55,581,17,254,0,0,26,548,46,143,26,691,California
Tehama,2021-01-14,224,1059,50,631,174,428,0,0,222,768,2,145,222,913,California
Tehama,2021-01-15,246,1305,74,705,172,600,0,0,242,1006,4,149,242,1155,California
Tehama,2021-01-16,272,1577,27,732,245,845,0,0,269,1272,3,152,269,1424,California
Tehama,2021-01-17,13,1590,9,741,4,849,0,0,11,1281,2,154,11,1435,California
Tehama,2021-01-18,10,1600,6,747,4,853,0,0,5,1281,5,159,5,1440,California
Tehama,2021-01-19,288,1888,62,809,226,1079,0,0,233,1459,55,214,233,1673,California
Tehama,2021-01-20,301,2189,87,896,214,1293,0,0,251,1661,49,263,251,1924,California
Tehama,2021-01-21,214,2403,11,907,203,1496,0,0,204,1855,10,273,204,2128,California
Tehama,2021-01-22,214,2617,12,919,202,1698,0,0,211,2063,3,276,211,2339,California
Tehama,2021-01-23,261,2878,10,929,251,1949,0,0,260,2322,1,277,260,2599,California
Tehama,2021-01-25,30,2908,13,942,17,1966,0,0,13,2318,17,294,13,2612,California
Tehama,2021-01-26,325,3233,43,985,282,2248,0,0,287,2567,38,332,287,2899,California
Tehama,2021-01-27,299,3532,21,1006,278,2526,0,0,279,2826,20,352,279,3178,California
Tehama,2021-01-28,340,3872,29,1035,311,2837,0,0,325,3136,15,367,325,3503,California
Tehama,2021-01-29,321,4193,19,1054,302,3139,0,0,304,3423,17,384,304,3807,California
Tehama,2021-01-30,102,4295,2,1056,100,3239,0,0,101,3523,1,385,101,3908,California
Tehama,2021-01-31,1,4296,0,1056,1,3240,0,0,1,3524,0,385,1,3909,California
Tehama,2021-02-01,77,4373,22,1078,55,3295,0,0,36,3519,41,426,36,3945,California
Tehama,2021-02-02,343,4716,63,1141,280,3575,0,0,246,3671,94,520,246,4191,California
Tehama,2021-02-03,375,5091,12,1153,363,3938,0,0,331,3958,44,564,331,4522,California
Tehama,2021-02-04,462,5553,99,1252,363,4301,0,0,383,4263,79,643,384,4906,California
Tehama,2021-02-05,161,5714,73,1325,88,4389,0,0,102,4306,59,702,102,5008,California
Tehama,2021-02-06,28,5742,13,1338,15,4404,0,0,16,4310,12,714,16,5024,California
Tehama,2021-02-07,5,5747,4,1342,1,4405,0,0,2,4309,3,717,2,5026,California
Tehama,2021-02-08,35,5782,14,1356,21,4426,0,0,27,4328,8,725,27,5053,California
Tehama,2021-02-09,76,5858,33,1389,43,4469,0,0,42,4336,34,759,42,5095,California
Tehama,2021-02-10,233,6091,62,1451,171,4640,0,0,158,4419,75,834,158,5253,California
Tehama,2021-02-11,219,6310,16,1467,203,4843,0,0,80,4362,137,971,80,5333,California
Tehama,2021-02-12,355,6665,57,1524,298,5141,0,0,174,4355,181,1152,174,5507,California
Tehama,2021-02-13,386,7051,13,1537,373,5514,0,0,147,4263,239,1391,147,5654,California
Tehama,2021-02-14,33,7084,0,1537,33,5547,0,0,32,4294,1,1392,32,5686,California
Tehama,2021-02-15,51,7135,9,1546,42,5589,0,0,45,4333,6,1398,45,5731,California
Tehama,2021-02-16,240,7375,16,1562,224,5813,0,0,58,4209,182,1580,58,5789,California
Tehama,2021-02-17,279,7654,11,1573,268,6081,0,0,53,4036,226,1806,53,5842,California
Tehama,2021-02-18,368,8022,32,1605,336,6417,0,0,144,3956,224,2030,144,5986,California
Tehama,2021-02-19,213,8235,18,1623,195,6612,0,0,42,3827,171,2201,42,6028,California
Tehama,2021-02-20,271,8506,6,1629,265,6877,0,0,26,3608,245,2446,26,6054,California
Tehama,2021-02-22,36,8542,13,1642,23,6900,0,0,24,3620,12,2458,24,6078,California
Tehama,2021-02-23,46,8588,19,1661,27,6927,0,0,26,3626,20,2478,26,6104,California
Tehama,2021-02-24,299,8887,12,1673,287,7214,0,0,26,3379,273,2751,26,6130,California
Tehama,2021-02-25,377,9264,61,1734,316,7530,0,0,37,3076,340,3091,37,6167,California
Tehama,2021-02-26,454,9718,19,1753,435,7965,0,0,70,2762,384,3475,70,6237,California
Tehama,2021-02-27,294,10012,5,1758,289,8254,0,0,34,2536,260,3735,34,6271,California
Tehama,2021-02-28,23,10035,2,1760,21,8275,0,0,20,2553,3,3738,20,6291,California
Tehama,2021-03-01,62,10097,8,1768,54,8329,0,0,28,2547,34,3772,28,6319,California
Tehama,2021-03-02,119,10216,17,1785,102,8431,0,0,29,2486,90,3862,29,6348,California
Tehama,2021-03-03,131,10347,33,1818,98,8529,0,0,48,2451,83,3945,48,6396,California
Tehama,2021-03-04,587,10934,22,1840,565,9094,0,0,218,2306,363,4308,218,6614,California
Tehama,2021-03-05,383,11317,18,1858,365,9459,0,0,214,2352,168,4476,214,6828,California
Tehama,2021-03-06,295,11612,17,1875,278,9737,0,0,80,2219,214,4690,81,6909,California
Tehama,2021-03-07,5,11617,1,1876,4,9741,0,0,3,2221,1,4691,3,6912,California
Tehama,2021-03-08,57,11674,12,1888,30,9771,15,15,26,2232,30,4721,41,6953,California
Tehama,2021-03-09,360,12034,5,1893,336,10107,19,34,305,2501,55,4776,324,7277,California
Tehama,2021-03-10,349,12383,11,1904,317,10424,21,55,68,2310,280,5056,89,7366,California
Tehama,2021-03-11,481,12864,14,1918,421,10845,46,101,339,2553,142,5198,385,7751,California
Tehama,2021-03-12,289,13153,17,1935,207,11052,65,166,165,2659,124,5322,230,7981,California
Tehama,2021-03-13,45,13198,8,1943,31,11083,6,172,6,2632,39,5361,12,7993,California
Tehama,2021-03-14,43,13241,3,1946,29,11112,11,183,2,2604,41,5402,13,8006,California
Tehama,2021-03-15,154,13395,21,1967,113,11225,20,203,87,2644,67,5469,107,8113,California
Tehama,2021-03-16,402,13797,14,1981,350,11575,38,241,303,2887,98,5567,341,8454,California
Tehama,2021-03-17,415,14212,22,2003,361,11936,32,273,330,3166,83,5650,362,8816,California
Tehama,2021-03-18,482,14694,25,2028,433,12369,24,297,304,3318,176,5826,328,9144,California
Tehama,2021-03-19,302,14996,23,2051,266,12635,13,310,260,3549,42,5868,273,9417,California
Tehama,2021-03-20,40,15036,8,2059,30,12665,2,312,28,3567,12,5880,30,9447,California
Tehama,2021-03-21,12,15048,5,2064,7,12672,0,312,12,3579,0,5880,12,9459,California
Tehama,2021-03-22,90,15138,7,2071,66,12738,17,329,49,3604,41,5921,66,9525,California
Tehama,2021-03-23,85,15223,24,2095,54,12792,7,336,66,3658,19,5940,73,9598,California
Tehama,2021-03-24,82,15305,15,2110,64,12856,3,339,53,3685,29,5969,56,9654,California
Tehama,2021-03-25,501,15806,340,2450,148,13004,13,352,454,4106,47,6016,468,10122,California
Tehama,2021-03-26,463,16269,355,2805,96,13100,12,364,388,4431,75,6091,400,10522,California
Tehama,2021-03-27,436,16705,347,3152,68,13168,21,385,373,4763,62,6153,394,10916,California
Tehama,2021-03-28,34,16739,13,3165,21,13189,0,385,22,4773,12,6165,22,10938,California
Tehama,2021-03-29,119,16858,30,3195,89,13278,0,385,75,4805,43,6208,75,11013,California
Tehama,2021-03-30,353,17211,205,3400,146,13424,2,387,239,4932,114,6322,241,11254,California
Tehama,2021-03-31,377,17588,276,3676,98,13522,3,390,303,5165,73,6395,306,11560,California
Tehama,2021-04-01,512,18100,237,3913,269,13791,6,396,381,5421,131,6526,387,11947,California
Tehama,2021-04-02,442,18542,204,4117,232,14023,6,402,257,5499,185,6711,263,12210,California
Tehama,2021-04-03,61,18603,3,4120,53,14076,5,407,30,5503,31,6742,35,12245,California
Tehama,2021-04-04,34,18637,6,4126,27,14103,1,408,22,5514,12,6754,23,12268,California
Tehama,2021-04-05,114,18751,20,4146,68,14171,26,434,59,5544,55,6809,85,12353,California
Tehama,2021-04-06,480,19231,105,4251,324,14495,51,485,133,5381,347,7156,184,12537,California
Tehama,2021-04-07,417,19648,279,4530,94,14589,44,529,304,5617,111,7267,347,12884,California
Tehama,2021-04-08,594,20242,172,4702,384,14973,38,567,227,5516,366,7633,265,13149,California
Tehama,2021-04-09,389,20631,170,4872,188,15161,31,598,198,5556,189,7822,229,13378,California
Tehama,2021-04-10,73,20704,9,4881,37,15198,27,625,39,5588,34,7856,66,13444,California
Tehama,2021-04-11,25,20729,7,4888,7,15205,11,636,8,5590,17,7873,19,13463,California
Tehama,2021-04-12,101,20830,5,4893,79,15284,17,653,41,5588,60,7933,58,13521,California
Tehama,2021-04-13,288,21118,52,4945,235,15519,1,654,58,5417,230,8163,59,13580,California
Tehama,2021-04-14,419,21537,43,4988,376,15895,0,654,52,5102,367,8530,52,13632,California
Tehama,2021-04-15,450,21987,164,5152,286,16181,0,654,82,4818,368,8898,84,13716,California
Tehama,2021-04-16,523,22510,296,5448,227,16408,0,654,86,4467,437,9335,86,13802,California
Trinity,2020-12-17,4,4,4,4,0,0,0,0,4,4,0,0,4,4,California
Trinity,2020-12-18,2,6,2,6,0,0,0,0,2,6,0,0,2,6,California
Trinity,2020-12-21,38,44,38,44,0,0,0,0,38,44,0,0,38,44,California
Trinity,2020-12-22,5,49,5,49,0,0,0,0,5,49,0,0,5,49,California
Trinity,2020-12-23,5,54,5,54,0,0,0,0,5,54,0,0,5,54,California
Trinity,2020-12-28,30,84,30,84,0,0,0,0,30,84,0,0,30,84,California
Trinity,2020-12-29,8,92,7,91,1,1,0,0,8,92,0,0,8,92,California
Trinity,2020-12-30,10,102,8,99,2,3,0,0,10,102,0,0,10,102,California
Trinity,2020-12-31,2,104,1,100,1,4,0,0,2,104,0,0,2,104,California
Trinity,2021-01-04,27,131,0,100,27,31,0,0,26,130,0,0,26,130,California
Trinity,2021-01-05,2,133,1,101,1,32,0,0,2,132,0,0,2,132,California
Trinity,2021-01-06,23,156,4,105,19,51,0,0,19,147,4,4,19,151,California
Trinity,2021-01-08,49,205,2,107,47,98,0,0,48,193,2,6,48,199,California
Trinity,2021-01-11,39,244,38,145,1,99,0,0,2,158,37,43,2,201,California
Trinity,2021-01-12,9,253,7,152,2,101,0,0,4,157,5,48,4,205,California
Trinity,2021-01-13,7,260,4,156,3,104,0,0,4,158,3,51,4,209,California
Trinity,2021-01-14,3,263,1,157,2,106,0,0,3,161,0,51,3,212,California
Trinity,2021-01-16,4,267,0,157,4,110,0,0,4,165,0,51,4,216,California
Trinity,2021-01-18,31,298,31,188,0,110,0,0,1,136,30,81,1,217,California
Trinity,2021-01-19,31,329,14,202,17,127,0,0,17,139,14,95,17,234,California
Trinity,2021-01-20,19,348,3,205,16,143,0,0,17,154,2,97,17,251,California
Trinity,2021-01-21,17,365,7,212,10,153,0,0,17,171,0,97,17,268,California
Trinity,2021-01-22,5,370,1,213,4,157,0,0,5,176,0,97,5,273,California
Trinity,2021-01-23,7,377,3,216,4,161,0,0,7,183,0,97,7,280,California
Trinity,2021-01-25,14,391,1,217,13,174,0,0,13,195,1,98,13,293,California
Trinity,2021-01-26,10,401,1,218,9,183,0,0,9,203,1,99,9,302,California
Trinity,2021-01-27,12,413,0,218,12,195,0,0,12,215,0,99,12,314,California
Trinity,2021-01-28,13,426,3,221,10,205,0,0,10,222,3,102,10,324,California
Trinity,2021-01-29,3,429,1,222,2,207,0,0,2,223,1,103,2,326,California
Trinity,2021-01-30,12,441,11,233,1,208,0,0,12,235,0,103,12,338,California
Trinity,2021-02-01,2,443,1,234,1,209,0,0,1,235,1,104,1,339,California
Trinity,2021-02-02,13,456,3,237,10,219,0,0,13,248,0,104,13,352,California
Trinity,2021-02-03,6,462,1,238,5,224,0,0,3,248,3,107,3,355,California
Trinity,2021-02-04,36,498,32,270,4,228,0,0,34,280,2,109,34,389,California
Trinity,2021-02-05,348,846,0,270,348,576,0,0,318,568,30,139,318,707,California
Trinity,2021-02-06,209,1055,5,275,204,780,0,0,202,763,7,146,202,909,California
Trinity,2021-02-07,1,1056,0,275,1,781,0,0,1,764,0,146,1,910,California
Trinity,2021-02-08,23,1079,0,275,23,804,0,0,15,771,8,154,15,925,California
Trinity,2021-02-09,21,1100,2,277,19,823,0,0,6,762,15,169,6,931,California
Trinity,2021-02-10,123,1223,10,287,113,936,0,0,103,845,20,189,103,1034,California
Trinity,2021-02-11,335,1558,2,289,333,1269,0,0,329,1168,6,195,329,1363,California
Trinity,2021-02-12,9,1567,6,295,3,1272,0,0,9,1177,0,195,9,1372,California
Trinity,2021-02-13,12,1579,5,300,7,1279,0,0,5,1175,7,202,5,1377,California
Trinity,2021-02-14,2,1581,2,302,0,1279,0,0,2,1177,0,202,2,1379,California
Trinity,2021-02-15,46,1627,0,302,46,1325,0,0,46,1223,0,202,46,1425,California
Trinity,2021-02-16,7,1634,2,304,5,1330,0,0,4,1224,3,205,4,1429,California
Trinity,2021-02-17,94,1728,2,306,92,1422,0,0,84,1298,10,215,84,1513,California
Trinity,2021-02-18,4,1732,0,306,4,1426,0,0,1,1296,3,218,1,1514,California
Trinity,2021-02-19,210,1942,2,308,208,1634,0,0,197,1480,13,231,197,1711,California
Trinity,2021-02-20,141,2083,14,322,127,1761,0,0,113,1565,28,259,113,1824,California
Trinity,2021-02-22,3,2086,0,322,3,1764,0,0,0,1562,3,262,0,1824,California
Trinity,2021-02-23,8,2094,4,326,4,1768,0,0,3,1560,5,267,3,1827,California
Trinity,2021-02-24,30,2124,8,334,22,1790,0,0,7,1544,23,290,7,1834,California
Trinity,2021-02-25,36,2160,23,357,13,1803,0,0,5,1518,31,321,5,1839,California
Trinity,2021-02-26,11,2171,1,358,10,1813,0,0,5,1517,6,327,5,1844,California
Trinity,2021-02-27,9,2180,7,365,2,1815,0,0,4,1516,5,332,4,1848,California
Trinity,2021-03-01,8,2188,0,365,8,1823,0,0,5,1518,3,335,5,1853,California
Trinity,2021-03-02,8,2196,3,368,5,1828,0,0,1,1512,7,342,1,1854,California
Trinity,2021-03-03,5,2201,0,368,5,1833,0,0,4,1515,1,343,4,1858,California
Trinity,2021-03-04,15,2216,10,378,5,1838,0,0,13,1526,2,345,13,1871,California
Trinity,2021-03-05,298,2514,1,379,297,2135,0,0,35,1302,259,604,35,1906,California
Trinity,2021-03-06,186,2700,6,385,180,2315,0,0,20,1156,166,770,20,1926,California
Trinity,2021-03-07,3,2703,3,388,0,2315,0,0,2,1157,1,771,2,1928,California
Trinity,2021-03-08,3,2706,0,388,2,2317,1,1,1,1157,2,773,2,1930,California
Trinity,2021-03-09,93,2799,0,388,91,2408,2,3,89,1244,4,777,91,2021,California
Trinity,2021-03-10,127,2926,3,391,121,2529,3,6,38,1196,89,866,41,2062,California
Trinity,2021-03-11,7,2933,3,394,2,2531,2,8,3,1197,4,870,5,2067,California
Trinity,2021-03-12,335,3268,2,396,327,2858,6,14,45,958,290,1160,51,2118,California
Trinity,2021-03-13,13,3281,8,404,3,2861,2,16,8,963,5,1165,10,2128,California
Trinity,2021-03-15,66,3347,0,404,65,2926,1,17,14,926,52,1217,15,2143,California
Trinity,2021-03-16,114,3461,6,410,108,3034,0,17,100,1012,14,1231,100,2243,California
Trinity,2021-03-17,100,3561,3,413,97,3131,0,17,26,964,74,1305,26,2269,California
Trinity,2021-03-18,10,3571,2,415,5,3136,3,20,5,967,5,1310,8,2277,California
Trinity,2021-03-19,359,3930,5,420,246,3382,108,128,28,772,331,1641,136,2413,California
Trinity,2021-03-20,103,4033,7,427,96,3478,0,128,68,805,35,1676,68,2481,California
Trinity,2021-03-21,3,4036,0,427,2,3480,1,129,2,807,1,1677,3,2484,California
Trinity,2021-03-22,2,4038,0,427,2,3482,0,129,2,809,0,1677,2,2486,California
Trinity,2021-03-23,96,4134,1,428,95,3577,0,129,79,871,17,1694,79,2565,California
Trinity,2021-03-24,9,4143,1,429,8,3585,0,129,9,880,0,1694,9,2574,California
Trinity,2021-03-25,105,4248,6,435,93,3678,6,135,82,945,23,1717,88,2662,California
Trinity,2021-03-26,15,4263,2,437,13,3691,0,135,9,948,6,1723,9,2671,California
Trinity,2021-03-27,15,4278,3,440,3,3694,9,144,5,952,10,1733,14,2685,California
Trinity,2021-03-28,6,4284,4,444,2,3696,0,144,1,948,5,1738,1,2686,California
Trinity,2021-03-29,4,4288,0,444,4,3700,0,144,1,946,3,1741,1,2687,California
Trinity,2021-03-30,75,4363,4,448,71,3771,0,144,67,1005,8,1749,67,2754,California
Trinity,2021-03-31,56,4419,5,453,19,3790,32,176,21,1022,35,1784,52,2806,California
Trinity,2021-04-01,38,4457,11,464,16,3806,11,187,19,1033,19,1803,30,2836,California
Trinity,2021-04-02,163,4620,6,470,83,3889,74,261,69,1083,93,1896,143,2979,California
Trinity,2021-04-03,19,4639,14,484,5,3894,0,261,9,1082,10,1906,9,2988,California
Trinity,2021-04-04,10,4649,8,492,2,3896,0,261,10,1092,0,1906,10,2998,California
Trinity,2021-04-05,58,4707,6,498,51,3947,1,262,54,1143,4,1910,55,3053,California
Trinity,2021-04-06,109,4816,12,510,94,4041,3,265,22,1081,87,1997,25,3078,California
Trinity,2021-04-07,21,4837,12,522,4,4045,5,270,14,1093,7,2004,19,3097,California
Trinity,2021-04-08,86,4923,10,532,74,4119,2,272,50,1109,36,2040,52,3149,California
Trinity,2021-04-09,116,5039,20,552,91,4210,5,277,84,1166,32,2072,89,3238,California
Trinity,2021-04-10,11,5050,7,559,4,4214,0,277,10,1175,1,2073,10,3248,California
Trinity,2021-04-11,8,5058,5,564,1,4215,2,279,4,1177,4,2077,6,3254,California
Trinity,2021-04-12,77,5135,5,569,71,4286,1,280,64,1229,12,2089,64,3318,California
Trinity,2021-04-13,95,5230,4,573,91,4377,0,280,10,1154,85,2174,10,3328,California
Trinity,2021-04-14,11,5241,7,580,4,4381,0,280,8,1159,3,2177,8,3336,California
Trinity,2021-04-15,14,5255,12,592,2,4383,0,280,8,1161,6,2183,8,3344,California
Trinity,2021-04-16,98,5353,5,597,93,4476,0,280,36,1135,62,2245,36,3380,California
Tulare,2020-12-16,3,3,3,3,0,0,0,0,3,3,0,0,3,3,California
Tulare,2020-12-17,110,113,110,113,0,0,0,0,110,113,0,0,110,113,California
Tulare,2020-12-18,290,403,290,403,0,0,0,0,290,403,0,0,290,403,California
Tulare,2020-12-19,327,730,327,730,0,0,0,0,327,730,0,0,327,730,California
Tulare,2020-12-20,167,897,166,896,1,1,0,0,167,897,0,0,167,897,California
Tulare,2020-12-21,422,1319,422,1318,0,1,0,0,442,1339,0,0,442,1339,California
Tulare,2020-12-22,469,1788,467,1785,2,3,0,0,468,1807,0,0,468,1807,California
Tulare,2020-12-23,328,2116,320,2105,8,11,0,0,326,2133,0,0,326,2133,California
Tulare,2020-12-24,18,2134,16,2121,2,13,0,0,18,2151,0,0,18,2151,California
Tulare,2020-12-26,8,2142,7,2128,1,14,0,0,8,2159,0,0,8,2159,California
Tulare,2020-12-27,16,2158,12,2140,4,18,0,0,16,2175,0,0,16,2175,California
Tulare,2020-12-28,483,2641,471,2611,12,30,0,0,482,2657,0,0,482,2657,California
Tulare,2020-12-29,545,3186,478,3089,67,97,0,0,545,3202,0,0,545,3202,California
Tulare,2020-12-30,473,3659,434,3523,39,136,0,0,473,3675,0,0,473,3675,California
Tulare,2020-12-31,94,3753,22,3545,72,208,0,0,94,3769,0,0,94,3769,California
Tulare,2021-01-01,1,3754,0,3545,1,209,0,0,1,3770,0,0,1,3770,California
Tulare,2021-01-02,28,3782,17,3562,11,220,0,0,28,3798,0,0,28,3798,California
Tulare,2021-01-03,23,3805,9,3571,14,234,0,0,23,3821,0,0,23,3821,California
Tulare,2021-01-04,91,3896,16,3587,75,309,0,0,91,3912,0,0,91,3912,California
Tulare,2021-01-05,460,4356,278,3865,182,491,0,0,458,4368,2,2,458,4370,California
Tulare,2021-01-06,866,5222,637,4502,229,720,0,0,856,5214,10,12,856,5226,California
Tulare,2021-01-07,784,6006,586,5088,198,918,0,0,678,5786,106,118,678,5904,California
Tulare,2021-01-08,1262,7268,574,5662,688,1606,0,0,924,6373,337,455,924,6828,California
Tulare,2021-01-09,741,8009,203,5865,538,2144,0,0,554,6740,187,642,554,7382,California
Tulare,2021-01-10,49,8058,43,5908,6,2150,0,0,10,6711,39,681,10,7392,California
Tulare,2021-01-11,1203,9261,766,6674,437,2587,0,0,768,7044,435,1116,768,8160,California
Tulare,2021-01-12,1400,10661,487,7161,913,3500,0,0,993,7632,406,1522,994,9154,California
Tulare,2021-01-13,457,11118,228,7389,229,3729,0,0,382,7939,75,1597,382,9536,California
Tulare,2021-01-14,492,11610,141,7530,351,4080,0,0,466,8390,15,1612,466,10002,California
Tulare,2021-01-15,1618,13228,151,7681,1467,5547,0,0,1609,9990,9,1621,1609,11611,California
Tulare,2021-01-16,1899,15127,114,7795,1785,7332,0,0,1885,11861,14,1635,1885,13496,California
Tulare,2021-01-17,140,15267,121,7916,19,7351,0,0,130,11981,10,1645,130,13626,California
Tulare,2021-01-18,694,15961,661,8577,33,7384,0,0,294,11875,400,2045,294,13920,California
Tulare,2021-01-19,1006,16967,683,9260,323,7707,0,0,578,12025,428,2473,578,14498,California
Tulare,2021-01-20,2376,19343,563,9823,1813,9520,0,0,1991,13631,385,2858,1991,16489,California
Tulare,2021-01-21,1505,20848,150,9973,1355,10875,0,0,1479,15089,21,2879,1479,17968,California
Tulare,2021-01-22,1055,21903,186,10159,869,11744,0,0,1031,16097,23,2902,1031,18999,California
Tulare,2021-01-23,437,22340,156,10315,281,12025,0,0,416,16492,21,2923,416,19415,California
Tulare,2021-01-24,30,22370,27,10342,3,12028,0,0,28,16518,2,2925,28,19443,California
Tulare,2021-01-25,1325,23695,980,11322,345,12373,0,0,1296,17785,29,2954,1296,20739,California
Tulare,2021-01-26,1497,25192,1099,12421,398,12771,0,0,1174,18637,322,3276,1174,21913,California
Tulare,2021-01-27,1455,26647,1070,13491,385,13156,0,0,877,18936,578,3854,877,22790,California
Tulare,2021-01-28,1198,27845,768,14259,430,13586,0,0,802,19342,396,4250,802,23592,California
Tulare,2021-01-29,1128,28973,719,14978,409,13995,0,0,818,19850,310,4560,818,24410,California
Tulare,2021-01-30,1670,30643,1577,16555,93,14088,0,0,1646,21473,24,4584,1647,26057,California
Tulare,2021-01-31,51,30694,47,16602,4,14092,0,0,48,21518,3,4587,48,26105,California
Tulare,2021-02-01,1180,31874,915,17517,265,14357,0,0,831,22001,348,4935,831,26936,California
Tulare,2021-02-02,674,32548,327,17844,347,14704,0,0,443,22216,229,5164,444,27380,California
Tulare,2021-02-03,611,33159,285,18129,326,15030,0,0,335,22277,274,5438,335,27715,California
Tulare,2021-02-04,551,33710,164,18293,387,15417,0,0,266,22259,285,5723,267,27982,California
Tulare,2021-02-05,1229,34939,232,18525,997,16414,0,0,417,21866,810,6533,417,28399,California
Tulare,2021-02-06,835,35774,158,18683,677,17091,0,0,269,21571,564,7097,269,28668,California
Tulare,2021-02-07,78,35852,66,18749,12,17103,0,0,23,21539,55,7152,23,28691,California
Tulare,2021-02-08,941,36793,327,19076,614,17717,0,0,300,21201,638,7790,300,28991,California
Tulare,2021-02-09,1403,38196,326,19402,1077,18794,0,0,360,20523,1038,8828,360,29351,California
Tulare,2021-02-10,2470,40666,1987,21389,483,19277,0,0,2070,22196,397,9225,2070,31421,California
Tulare,2021-02-11,1322,41988,376,21765,946,20223,0,0,938,22750,384,9609,938,32359,California
Tulare,2021-02-12,2778,44766,577,22342,2201,22424,0,0,1217,22413,1554,11163,1217,33576,California
Tulare,2021-02-13,2479,47245,157,22499,2322,24746,0,0,668,21273,1808,12971,668,34244,California
Tulare,2021-02-14,332,47577,36,22535,296,25042,0,0,299,21539,33,13004,299,34543,California
Tulare,2021-02-15,914,48491,291,22826,623,25665,0,0,657,21940,256,13260,657,35200,California
Tulare,2021-02-16,2832,51323,1596,24422,1236,26901,0,0,1080,21268,1752,15012,1080,36280,California
Tulare,2021-02-17,2697,54020,509,24931,2188,29089,0,0,462,19500,2230,17242,462,36742,California
Tulare,2021-02-18,2299,56319,456,25387,1843,30932,0,0,639,18487,1652,18894,639,37381,California
Tulare,2021-02-19,2294,58613,854,26241,1440,32372,0,0,943,18081,1349,20243,943,38324,California
Tulare,2021-02-20,2990,61603,1892,28133,1098,33470,0,0,1270,17636,1715,21958,1270,39594,California
Tulare,2021-02-21,95,61698,91,28224,4,33474,0,0,60,17661,35,21993,60,39654,California
Tulare,2021-02-22,1105,62803,701,28925,404,33878,0,0,212,16981,892,22885,212,39866,California
Tulare,2021-02-23,1944,64747,939,29864,1005,34883,0,0,1455,17948,488,23373,1455,41321,California
Tulare,2021-02-24,2469,67216,1545,31409,924,35807,0,0,2091,19663,377,23750,2092,43413,California
Tulare,2021-02-25,3485,70701,1948,33357,1537,37344,0,0,3069,22320,412,24162,3069,46482,California
Tulare,2021-02-26,3834,74535,1878,35235,1956,39300,0,0,3374,25236,458,24620,3374,49856,California
Tulare,2021-02-27,2893,77428,1386,36621,1507,40807,0,0,2762,27878,120,24740,2762,52618,California
Tulare,2021-02-28,1305,78733,1033,37654,272,41079,0,0,1285,29146,17,24757,1285,53903,California
Tulare,2021-03-01,1736,80469,771,38425,965,42044,0,0,1552,30516,182,24939,1552,55455,California
Tulare,2021-03-02,2673,83142,1187,39612,1486,43530,0,0,2510,32866,161,25100,2511,57966,California
Tulare,2021-03-03,3804,86946,2492,42104,1312,44842,0,0,1856,32778,1946,27046,1858,59824,California
Tulare,2021-03-04,2854,89800,1289,43393,1565,46407,0,0,2541,35009,310,27356,2541,62365,California
Tulare,2021-03-05,3279,93079,1690,45083,1574,47981,15,15,2776,37302,500,27856,2793,65158,California
Tulare,2021-03-06,3057,96136,1432,46515,1566,49547,59,74,2809,39923,245,28101,2866,68024,California
Tulare,2021-03-07,1094,97230,683,47198,390,49937,21,95,1054,40958,40,28141,1075,69099,California
Tulare,2021-03-08,1662,98892,976,48174,518,50455,168,263,1349,42164,310,28451,1516,70615,California
Tulare,2021-03-09,2918,101810,1930,50104,841,51296,147,410,2535,44462,383,28834,2681,73296,California
Tulare,2021-03-10,2786,104596,1383,51487,1228,52524,175,585,2408,46673,370,29204,2581,75877,California
Tulare,2021-03-11,4132,108728,1961,53448,1870,54394,301,886,3195,49235,934,30138,3496,79373,California
Tulare,2021-03-12,4334,113062,2376,55824,1610,56004,348,1234,3065,51390,1260,31398,3415,82788,California
Tulare,2021-03-13,3998,117060,1844,57668,2049,58053,105,1339,3071,53643,923,32321,3176,85964,California
Tulare,2021-03-14,1800,118860,973,58641,608,58661,219,1558,1273,54608,526,32847,1491,87455,California
Tulare,2021-03-15,2696,121556,1581,60222,1000,59661,115,1673,1925,55880,769,33616,2041,89496,California
Tulare,2021-03-16,3406,124962,2106,62328,1223,60884,77,1750,1865,56287,1538,35154,1945,91441,California
Tulare,2021-03-17,3989,128951,2592,64920,1320,62204,77,1827,2252,56892,1731,36885,2336,93777,California
Tulare,2021-03-18,4479,133430,3268,68188,1140,63344,71,1898,2372,57237,2100,38985,2445,96222,California
Tulare,2021-03-19,5020,138450,3293,71481,1531,64875,196,2094,2682,57792,2325,41310,2880,99102,California
Tulare,2021-03-20,4294,142744,2636,74117,1286,66161,372,2466,1991,57862,2296,43606,2366,101468,California
Tulare,2021-03-21,1861,144605,1590,75707,245,66406,26,2492,957,57944,901,44507,983,102451,California
Tulare,2021-03-22,2469,147074,1696,77403,662,67068,111,2603,1650,58894,813,45320,1763,104214,California
Tulare,2021-03-23,3637,150711,2059,79462,1528,68596,50,2653,2014,59352,1612,46932,2070,106284,California
Tulare,2021-03-24,3089,153800,1900,81362,1147,69743,42,2695,1809,59929,1274,48206,1851,108135,California
Tulare,2021-03-25,3373,157173,1730,83092,1469,71212,174,2869,1650,60038,1717,49923,1826,109961,California
Tulare,2021-03-26,5074,162247,3000,86092,1965,73177,109,2978,2470,60032,2585,52508,2579,112540,California
Tulare,2021-03-27,3398,165645,1724,87816,1577,74754,97,3075,918,58575,2471,54979,1014,113554,California
Tulare,2021-03-28,1411,167056,1017,88833,363,75117,31,3106,653,58508,757,55736,690,114244,California
Tulare,2021-03-29,2838,169894,1619,90452,1107,76224,112,3218,1212,58212,1622,57358,1326,115570,California
Tulare,2021-03-30,4526,174420,2576,93028,1720,77944,230,3448,1627,57172,2893,60251,1853,117423,California
Tulare,2021-03-31,3706,178126,2165,95193,1431,79375,110,3558,1526,56638,2172,62423,1638,119061,California
Tulare,2021-04-01,4301,182427,2319,97512,1918,81293,64,3622,1507,55424,2786,65209,1572,120633,California
Tulare,2021-04-02,5130,187557,2915,100427,2097,83390,118,3740,1651,53730,3464,68673,1770,122403,California
Tulare,2021-04-03,3435,190992,2001,102428,1123,84513,311,4051,848,52339,2550,71223,1159,123562,California
Tulare,2021-04-04,1577,192569,1116,103544,454,84967,7,4058,378,51527,1197,72420,385,123947,California
Tulare,2021-04-05,3275,195844,2297,105841,716,85683,262,4320,856,50237,2409,74829,1119,125066,California
Tulare,2021-04-06,3258,199102,1466,107307,1309,86992,483,4803,936,49342,2318,77147,1423,126489,California
Tulare,2021-04-07,3726,202828,1801,109108,1511,88503,414,5217,1231,48491,2488,79635,1637,128126,California
Tulare,2021-04-08,4512,207340,2582,111690,1474,89977,456,5673,1533,47505,2972,82607,1986,130112,California
Tulare,2021-04-09,4294,211634,2655,114345,1228,91205,411,6084,1655,46938,2634,85241,2067,132179,California
Tulare,2021-04-10,3784,215418,2035,116380,1434,92639,315,6399,1032,45538,2745,87986,1345,133524,California
Tulare,2021-04-11,1575,216993,1034,117414,469,93108,72,6471,597,45232,975,88961,669,134193,California
Tulare,2021-04-12,3130,220123,1964,119378,659,93767,507,6978,1055,44736,2059,91020,1563,135756,California
Tulare,2021-04-13,2309,222432,1505,120883,794,94561,10,6988,917,44280,1385,92405,929,136685,California
Tulare,2021-04-14,2345,224777,1338,122221,1007,95568,0,6988,820,43577,1524,93929,821,137506,California
Tulare,2021-04-15,2421,227198,1713,123934,708,96276,0,6988,1211,43584,1204,95133,1211,138717,California
Tulare,2021-04-16,2118,229316,1519,125453,599,96875,0,6988,897,43268,1213,96346,897,139614,California
Tuolumne,2020-12-16,46,46,46,46,0,0,0,0,46,46,0,0,46,46,California
Tuolumne,2020-12-17,22,68,22,68,0,0,0,0,22,68,0,0,22,68,California
Tuolumne,2020-12-18,174,242,173,241,1,1,0,0,174,242,0,0,174,242,California
Tuolumne,2020-12-19,7,249,7,248,0,1,0,0,7,249,0,0,7,249,California
Tuolumne,2020-12-20,1,250,1,249,0,1,0,0,1,250,0,0,1,250,California
Tuolumne,2020-12-21,116,366,102,351,14,15,0,0,116,366,0,0,116,366,California
Tuolumne,2020-12-22,169,535,169,520,0,15,0,0,169,535,0,0,169,535,California
Tuolumne,2020-12-23,193,728,191,711,2,17,0,0,193,728,0,0,193,728,California
Tuolumne,2020-12-26,3,731,3,714,0,17,0,0,3,731,0,0,3,731,California
Tuolumne,2020-12-28,78,809,77,791,1,18,0,0,78,809,0,0,78,809,California
Tuolumne,2020-12-29,111,920,40,831,71,89,0,0,111,920,0,0,111,920,California
Tuolumne,2020-12-30,82,1002,22,853,60,149,0,0,82,1002,0,0,82,1002,California
Tuolumne,2020-12-31,27,1029,20,873,7,156,0,0,27,1029,0,0,27,1029,California
Tuolumne,2021-01-01,6,1035,5,878,1,157,0,0,6,1035,0,0,6,1035,California
Tuolumne,2021-01-02,118,1153,115,993,3,160,0,0,118,1153,0,0,118,1153,California
Tuolumne,2021-01-03,3,1156,2,995,1,161,0,0,3,1156,0,0,3,1156,California
Tuolumne,2021-01-04,70,1226,27,1022,43,204,0,0,70,1226,0,0,70,1226,California
Tuolumne,2021-01-05,95,1321,26,1048,69,273,0,0,93,1317,2,2,93,1319,California
Tuolumne,2021-01-06,112,1433,52,1100,60,333,0,0,68,1341,44,46,68,1387,California
Tuolumne,2021-01-07,119,1552,61,1161,58,391,0,0,65,1352,54,100,65,1452,California
Tuolumne,2021-01-08,177,1729,153,1314,24,415,0,0,26,1230,150,250,28,1480,California
Tuolumne,2021-01-09,2,1731,1,1315,1,416,0,0,1,1231,1,251,2,1482,California
Tuolumne,2021-01-10,3,1734,1,1316,2,418,0,0,3,1234,0,251,3,1485,California
Tuolumne,2021-01-11,116,1850,90,1406,26,444,0,0,33,1184,83,334,33,1518,California
Tuolumne,2021-01-12,103,1953,87,1493,16,460,0,0,17,1116,86,420,18,1536,California
Tuolumne,2021-01-13,239,2192,129,1622,110,570,0,0,185,1248,54,474,186,1722,California
Tuolumne,2021-01-14,129,2321,91,1713,38,608,0,0,42,1204,86,560,42,1764,California
Tuolumne,2021-01-15,475,2796,73,1786,402,1010,0,0,412,1555,62,622,413,2177,California
Tuolumne,2021-01-16,7,2803,3,1789,4,1014,0,0,6,1560,1,623,6,2183,California
Tuolumne,2021-01-17,5,2808,2,1791,3,1017,0,0,5,1565,0,623,5,2188,California
Tuolumne,2021-01-18,47,2855,39,1830,8,1025,0,0,9,1537,37,660,9,2197,California
Tuolumne,2021-01-19,474,3329,72,1902,402,1427,0,0,430,1923,44,704,430,2627,California
Tuolumne,2021-01-20,77,3406,60,1962,17,1444,0,0,24,1894,53,757,24,2651,California
Tuolumne,2021-01-21,56,3462,22,1984,34,1478,0,0,41,1920,15,772,41,2692,California
Tuolumne,2021-01-22,181,3643,13,1997,168,1646,0,0,175,2089,6,778,175,2867,California
Tuolumne,2021-01-23,664,4307,146,2143,518,2164,0,0,551,2537,113,891,561,3428,California
Tuolumne,2021-01-24,523,4830,1,2144,522,2686,0,0,519,3054,3,894,520,3948,California
Tuolumne,2021-01-25,48,4878,27,2171,21,2707,0,0,22,3051,26,920,23,3971,California
Tuolumne,2021-01-26,80,4958,68,2239,12,2719,0,0,40,3052,40,960,41,4012,California
Tuolumne,2021-01-27,61,5019,4,2243,57,2776,0,0,7,3006,53,1013,7,4019,California
Tuolumne,2021-01-28,27,5046,7,2250,20,2796,0,0,18,3015,9,1022,18,4037,California
Tuolumne,2021-01-29,70,5116,6,2256,64,2860,0,0,32,3009,38,1060,32,4069,California
Tuolumne,2021-01-30,710,5826,552,2808,158,3018,0,0,689,3692,21,1081,704,4773,California
Tuolumne,2021-01-31,8,5834,2,2810,6,3024,0,0,5,3694,3,1084,5,4778,California
Tuolumne,2021-02-01,24,5858,6,2816,18,3042,0,0,21,3712,3,1087,21,4799,California
Tuolumne,2021-02-02,649,6507,36,2852,613,3655,0,0,639,4342,9,1096,639,5438,California
Tuolumne,2021-02-03,239,6746,108,2960,131,3786,0,0,85,4273,154,1250,85,5523,California
Tuolumne,2021-02-04,125,6871,13,2973,112,3898,0,0,64,4274,63,1313,64,5587,California
Tuolumne,2021-02-05,100,6971,12,2985,88,3986,0,0,36,4247,63,1376,36,5623,California
Tuolumne,2021-02-06,856,7827,584,3569,272,4258,0,0,853,5097,3,1379,853,6476,California
Tuolumne,2021-02-07,7,7834,4,3573,3,4261,0,0,3,5096,4,1383,3,6479,California
Tuolumne,2021-02-08,91,7925,40,3613,51,4312,0,0,67,5139,24,1407,67,6546,California
Tuolumne,2021-02-09,867,8792,52,3665,815,5127,0,0,829,5930,38,1445,829,7375,California
Tuolumne,2021-02-10,88,8880,14,3679,74,5201,0,0,26,5896,60,1505,26,7401,California
Tuolumne,2021-02-11,139,9019,65,3744,74,5275,0,0,75,5907,64,1569,75,7476,California
Tuolumne,2021-02-12,640,9659,15,3759,625,5900,0,0,201,5671,438,2007,202,7678,California
Tuolumne,2021-02-13,147,9806,42,3801,105,6005,0,0,116,5762,25,2032,116,7794,California
Tuolumne,2021-02-14,148,9954,12,3813,136,6141,0,0,147,5908,1,2033,147,7941,California
Tuolumne,2021-02-15,185,10139,10,3823,175,6316,0,0,176,6075,9,2042,176,8117,California
Tuolumne,2021-02-16,526,10665,17,3840,509,6825,0,0,123,5799,401,2443,125,8242,California
Tuolumne,2021-02-17,109,10774,63,3903,46,6871,0,0,63,5817,45,2488,63,8305,California
Tuolumne,2021-02-18,680,11454,24,3927,656,7527,0,0,632,6401,48,2536,632,8937,California
Tuolumne,2021-02-19,132,11586,21,3948,111,7638,0,0,43,6355,89,2625,43,8980,California
Tuolumne,2021-02-20,904,12490,341,4289,563,8201,0,0,386,6236,506,3131,387,9367,California
Tuolumne,2021-02-21,975,13465,34,4323,941,9142,0,0,473,6210,499,3630,473,9840,California
Tuolumne,2021-02-22,79,13544,57,4380,22,9164,0,0,48,6228,30,3660,48,9888,California
Tuolumne,2021-02-23,46,13590,23,4403,23,9187,0,0,25,6233,20,3680,25,9913,California
Tuolumne,2021-02-24,89,13679,58,4461,31,9218,0,0,42,6229,46,3726,42,9955,California
Tuolumne,2021-02-25,1054,14733,34,4495,1020,10238,0,0,1023,7221,31,3757,1023,10978,California
Tuolumne,2021-02-26,141,14874,9,4504,132,10370,0,0,120,7320,21,3778,120,11098,California
Tuolumne,2021-02-27,949,15823,575,5079,374,10744,0,0,248,6882,686,4464,248,11346,California
Tuolumne,2021-02-28,55,15878,4,5083,51,10795,0,0,52,6932,2,4466,52,11398,California
Tuolumne,2021-03-01,108,15986,20,5103,88,10883,0,0,74,6974,33,4499,75,11473,California
Tuolumne,2021-03-02,709,16695,74,5177,635,11518,0,0,107,6479,602,5101,107,11580,California
Tuolumne,2021-03-03,87,16782,19,5196,68,11586,0,0,64,6520,23,5124,64,11644,California
Tuolumne,2021-03-04,1169,17951,72,5268,1097,12683,0,0,1106,7563,63,5187,1106,12750,California
Tuolumne,2021-03-05,83,18034,9,5277,74,12757,0,0,48,7578,34,5221,49,12799,California
Tuolumne,2021-03-06,1054,19088,606,5883,446,13203,2,2,204,6935,849,6070,206,13005,California
Tuolumne,2021-03-07,40,19128,12,5895,14,13217,14,16,18,6945,22,6092,32,13037,California
Tuolumne,2021-03-08,212,19340,89,5984,116,13333,7,23,157,7053,56,6148,164,13201,California
Tuolumne,2021-03-09,863,20203,15,5999,837,14170,11,34,76,6355,785,6933,87,13288,California
Tuolumne,2021-03-10,85,20288,13,6012,61,14231,11,45,61,6403,24,6957,72,13360,California
Tuolumne,2021-03-11,1277,21565,31,6043,1241,15472,5,50,1254,7641,23,6980,1261,14621,California
Tuolumne,2021-03-12,308,21873,31,6074,262,15734,15,65,202,7757,104,7084,220,14841,California
Tuolumne,2021-03-13,111,21984,12,6086,99,15833,0,65,92,7831,19,7103,93,14934,California
Tuolumne,2021-03-14,142,22126,8,6094,125,15958,9,74,8,7719,134,7237,22,14956,California
Tuolumne,2021-03-15,310,22436,79,6173,229,16187,2,76,117,7652,193,7430,126,15082,California
Tuolumne,2021-03-16,823,23259,39,6212,773,16960,11,87,685,8211,138,7568,697,15779,California
Tuolumne,2021-03-17,163,23422,30,6242,118,17078,15,102,88,8239,74,7642,102,15881,California
Tuolumne,2021-03-18,963,24385,26,6268,922,18000,15,117,331,7954,632,8274,347,16228,California
Tuolumne,2021-03-19,141,24526,14,6282,94,18094,33,150,79,8005,60,8334,111,16339,California
Tuolumne,2021-03-20,89,24615,6,6288,73,18167,10,160,36,7998,52,8386,45,16384,California
Tuolumne,2021-03-21,834,25449,391,6679,434,18601,9,169,42,7259,790,9176,51,16435,California
Tuolumne,2021-03-22,173,25622,72,6751,82,18683,19,188,106,7317,67,9243,125,16560,California
Tuolumne,2021-03-23,722,26344,636,7387,72,18755,14,202,685,7978,37,9280,698,17258,California
Tuolumne,2021-03-24,119,26463,19,7406,82,18837,18,220,87,8052,31,9311,105,17363,California
Tuolumne,2021-03-25,1292,27755,20,7426,1269,20106,3,223,322,7408,969,10280,325,17688,California
Tuolumne,2021-03-26,285,28040,11,7437,251,20357,23,246,131,7427,135,10415,154,17842,California
Tuolumne,2021-03-27,579,28619,54,7491,525,20882,0,246,317,7483,262,10677,318,18160,California
Tuolumne,2021-03-28,50,28669,7,7498,43,20925,0,246,10,7456,38,10715,11,18171,California
Tuolumne,2021-03-29,214,28883,80,7578,134,21059,0,246,119,7482,93,10808,119,18290,California
Tuolumne,2021-03-30,167,29050,12,7590,154,21213,1,247,125,7566,42,10850,126,18416,California
Tuolumne,2021-03-31,96,29146,13,7603,81,21294,2,249,40,7555,55,10905,44,18460,California
Tuolumne,2021-04-01,1250,30396,26,7629,1224,22518,0,249,233,6773,1016,11921,234,18694,California
Tuolumne,2021-04-02,176,30572,11,7640,139,22657,26,275,104,6831,72,11993,130,18824,California
Tuolumne,2021-04-03,415,30987,32,7672,382,23039,1,276,231,6881,184,12177,234,19058,California
Tuolumne,2021-04-04,33,31020,1,7673,32,23071,0,276,22,6893,10,12187,22,19080,California
Tuolumne,2021-04-05,145,31165,19,7692,120,23191,6,282,63,6880,82,12269,69,19149,California
Tuolumne,2021-04-06,656,31821,510,8202,120,23311,26,308,522,7295,134,12403,549,19698,California
Tuolumne,2021-04-07,134,31955,36,8238,81,23392,17,325,50,7278,84,12487,67,19765,California
Tuolumne,2021-04-08,1440,33395,27,8265,1399,24791,14,339,255,6364,1183,13670,269,20034,California
Tuolumne,2021-04-09,289,33684,41,8306,204,24995,44,383,142,6407,144,13814,187,20221,California
Tuolumne,2021-04-10,57,33741,3,8309,31,25026,23,406,23,6420,33,13847,46,20267,California
Tuolumne,2021-04-11,17,33758,3,8312,11,25037,3,409,11,6428,6,13853,14,20281,California
Tuolumne,2021-04-12,175,33933,65,8377,104,25141,6,415,92,6449,77,13930,98,20379,California
Tuolumne,2021-04-13,790,34723,30,8407,760,25901,0,415,167,6000,616,14546,167,20546,California
Tuolumne,2021-04-14,149,34872,22,8429,127,26028,0,415,69,5993,77,14623,70,20616,California
Tuolumne,2021-04-15,338,35210,19,8448,319,26347,0,415,63,5785,271,14894,63,20679,California
Tuolumne,2021-04-16,163,35373,37,8485,126,26473,0,415,99,5821,63,14957,99,20778,California
Ventura,2020-12-15,5,5,5,5,0,0,0,0,5,5,0,0,5,5,California
Ventura,2020-12-16,72,77,72,77,0,0,0,0,72,77,0,0,72,77,California
Ventura,2020-12-17,249,326,249,326,0,0,0,0,249,326,0,0,249,326,California
Ventura,2020-12-18,1411,1737,1411,1737,0,0,0,0,1411,1737,0,0,1411,1737,California
Ventura,2020-12-19,911,2648,911,2648,0,0,0,0,911,2648,0,0,911,2648,California
Ventura,2020-12-20,429,3077,429,3077,0,0,0,0,429,3077,0,0,429,3077,California
Ventura,2020-12-21,1471,4548,1471,4548,0,0,0,0,1471,4548,0,0,1471,4548,California
Ventura,2020-12-22,1105,5653,1100,5648,5,5,0,0,1105,5653,0,0,1105,5653,California
Ventura,2020-12-23,1025,6678,978,6626,47,52,0,0,1025,6678,0,0,1025,6678,California
Ventura,2020-12-24,477,7155,379,7005,98,150,0,0,477,7155,0,0,477,7155,California
Ventura,2020-12-25,11,7166,7,7012,4,154,0,0,11,7166,0,0,11,7166,California
Ventura,2020-12-26,110,7276,89,7101,21,175,0,0,110,7276,0,0,110,7276,California
Ventura,2020-12-27,58,7334,27,7128,31,206,0,0,58,7334,0,0,58,7334,California
Ventura,2020-12-28,1066,8400,928,8056,138,344,0,0,1066,8400,0,0,1066,8400,California
Ventura,2020-12-29,1165,9565,761,8817,404,748,0,0,1165,9565,0,0,1165,9565,California
Ventura,2020-12-30,1983,11548,1517,10334,466,1214,0,0,1983,11548,0,0,1983,11548,California
Ventura,2020-12-31,478,12026,162,10496,316,1530,0,0,478,12026,0,0,478,12026,California
Ventura,2021-01-01,18,12044,4,10500,14,1544,0,0,18,12044,0,0,18,12044,California
Ventura,2021-01-02,171,12215,79,10579,92,1636,0,0,171,12215,0,0,171,12215,California
Ventura,2021-01-03,15,12230,8,10587,7,1643,0,0,15,12230,0,0,15,12230,California
Ventura,2021-01-04,1078,13308,548,11135,530,2173,0,0,1077,13307,0,0,1077,13307,California
Ventura,2021-01-05,1371,14679,776,11911,595,2768,0,0,1331,14598,40,40,1331,14638,California
Ventura,2021-01-06,2055,16734,1179,13090,876,3644,0,0,1624,15802,422,462,1626,16264,California
Ventura,2021-01-07,2067,18801,1328,14418,739,4383,0,0,1180,16097,885,1347,1180,17444,California
Ventura,2021-01-08,2199,21000,1477,15895,722,5105,0,0,905,15711,1292,2639,906,18350,California
Ventura,2021-01-09,722,21722,501,16396,221,5326,0,0,319,15627,403,3042,319,18669,California
Ventura,2021-01-10,336,22058,324,16720,12,5338,0,0,122,15535,214,3256,122,18791,California
Ventura,2021-01-11,2445,24503,1489,18209,956,6294,0,0,1493,16078,952,4208,1495,20286,California
Ventura,2021-01-12,3037,27540,1605,19814,1432,7726,0,0,2014,17069,1023,5231,2014,22300,California
Ventura,2021-01-13,2923,30463,1421,21235,1502,9228,0,0,2041,18231,880,6111,2042,24342,California
Ventura,2021-01-14,2727,33190,1058,22293,1669,10897,0,0,2282,20070,444,6555,2283,26625,California
Ventura,2021-01-15,2885,36075,967,23260,1918,12815,0,0,2673,22532,212,6767,2674,29299,California
Ventura,2021-01-16,485,36560,187,23447,298,13113,0,0,404,22855,81,6848,404,29703,California
Ventura,2021-01-17,260,36820,137,23584,123,13236,0,0,254,23103,6,6854,254,29957,California
Ventura,2021-01-18,2218,39038,1672,25256,546,13782,0,0,1668,24223,549,7403,1669,31626,California
Ventura,2021-01-19,3029,42067,2112,27368,917,14699,0,0,2138,25472,891,8294,2140,33766,California
Ventura,2021-01-20,4057,46124,3107,30475,950,15649,0,0,3022,27463,1032,9326,3023,36789,California
Ventura,2021-01-21,3832,49956,2668,33143,1164,16813,0,0,3162,29959,667,9993,3163,39952,California
Ventura,2021-01-22,3603,53559,2484,35627,1119,17932,0,0,3442,33240,161,10154,3442,43394,California
Ventura,2021-01-23,1184,54743,650,36277,534,18466,0,0,1083,34225,100,10254,1085,44479,California
Ventura,2021-01-24,450,55193,136,36413,314,18780,0,0,437,34649,13,10267,437,44916,California
Ventura,2021-01-25,3145,58338,2027,38440,1118,19898,0,0,2596,36697,548,10815,2596,47512,California
Ventura,2021-01-26,3701,62039,2195,40635,1506,21404,0,0,2706,38410,994,11809,2707,50219,California
Ventura,2021-01-27,3455,65494,1557,42192,1898,23302,0,0,2716,40392,736,12545,2718,52937,California
Ventura,2021-01-28,3852,69346,1979,44171,1873,25175,0,0,3238,43034,597,13142,3239,56176,California
Ventura,2021-01-29,4236,73582,2504,46675,1732,26907,0,0,3742,46294,482,13624,3742,59918,California
Ventura,2021-01-30,3025,76607,1955,48630,1070,27977,0,0,2856,48985,166,13790,2857,62775,California
Ventura,2021-01-31,829,77436,444,49074,385,28362,0,0,745,49646,84,13874,745,63520,California
Ventura,2021-02-01,3923,81359,2102,51176,1821,30183,0,0,3158,52042,763,14637,3159,66679,California
Ventura,2021-02-02,4402,85761,2370,53546,2032,32215,0,0,3380,54405,1018,15655,3381,70060,California
Ventura,2021-02-03,4448,90209,2087,55633,2361,34576,0,0,3441,56845,1002,16657,3442,73502,California
Ventura,2021-02-04,4760,94969,2280,57913,2480,37056,0,0,3512,59118,1241,17898,3514,77016,California
Ventura,2021-02-05,4826,99795,2309,60222,2517,39573,0,0,3337,60981,1476,19374,3339,80355,California
Ventura,2021-02-06,2830,102625,1513,61735,1317,40890,0,0,2429,63009,401,19775,2429,82784,California
Ventura,2021-02-07,707,103332,240,61975,467,41357,0,0,582,63467,125,19900,583,83367,California
Ventura,2021-02-08,3494,106826,1622,63597,1872,43229,0,0,2425,64828,1064,20964,2425,85792,California
Ventura,2021-02-09,4712,111538,1970,65567,2742,45971,0,0,2464,65047,2247,23211,2466,88258,California
Ventura,2021-02-10,4706,116244,2236,67803,2470,48441,0,0,2400,65153,2295,25506,2401,90659,California
Ventura,2021-02-11,4654,120898,1859,69662,2795,51236,0,0,2444,65397,2203,27709,2447,93106,California
Ventura,2021-02-12,6292,127190,2653,72315,3639,54875,0,0,3218,65543,3072,30781,3218,96324,California
Ventura,2021-02-13,3292,130482,1827,74142,1465,56340,0,0,1840,65937,1448,32229,1842,98166,California
Ventura,2021-02-14,1227,131709,124,74266,1103,57443,0,0,1011,66733,216,32445,1012,99178,California
Ventura,2021-02-15,3989,135698,1798,76064,2191,59634,0,0,2116,66979,1870,34315,2116,101294,California
Ventura,2021-02-16,5524,141222,2697,78761,2827,62461,0,0,3009,67480,2508,36823,3009,104303,California
Ventura,2021-02-17,5227,146449,1919,80680,3308,65769,0,0,3262,68786,1956,38779,3262,107565,California
Ventura,2021-02-18,5771,152220,1829,82509,3942,69711,0,0,3633,70289,2130,40909,3633,111198,California
Ventura,2021-02-19,6434,158654,3762,86271,2672,72383,0,0,3000,69864,3427,44336,3002,114200,California
Ventura,2021-02-20,4918,163572,3157,89428,1761,74144,0,0,2766,70484,2148,46484,2768,116968,California
Ventura,2021-02-21,1039,164611,752,90180,287,74431,0,0,426,70302,608,47092,426,117394,California
Ventura,2021-02-22,5360,169971,2406,92586,2954,77385,0,0,3448,71847,1903,48995,3448,120842,California
Ventura,2021-02-23,5917,175888,2960,95546,2957,80342,0,0,3414,72775,2488,51483,3416,124258,California
Ventura,2021-02-24,6984,182872,2604,98150,4380,84722,0,0,4241,74288,2730,54213,4243,128501,California
Ventura,2021-02-25,7477,190349,2567,100717,4910,89632,0,0,4572,75969,2893,57106,4574,133075,California
Ventura,2021-02-26,9324,199673,2758,103475,6566,96198,0,0,6162,78993,3140,60246,6164,139239,California
Ventura,2021-02-27,9976,209649,5265,108740,4711,100909,0,0,7362,83762,2600,62846,7369,146608,California
Ventura,2021-02-28,2556,212205,1629,110369,926,101835,1,1,2095,85400,457,63303,2095,148703,California
Ventura,2021-03-01,6913,219118,2793,113162,4120,105955,0,1,4605,87720,2299,65602,4619,153322,California
Ventura,2021-03-02,7365,226483,3928,117090,3436,109391,1,2,5147,90657,2210,67812,5147,158469,California
Ventura,2021-03-03,8496,234979,3884,120974,4612,114003,0,2,6059,94294,2425,70237,6062,164531,California
Ventura,2021-03-04,8031,243010,3861,124835,4170,118173,0,2,5418,97112,2601,72838,5419,169950,California
Ventura,2021-03-05,9953,252963,4795,129630,5148,123321,10,12,7075,101340,2865,75703,7093,177043,California
Ventura,2021-03-06,7217,260180,4391,134021,2673,125994,153,165,5320,104920,1895,77598,5475,182518,California
Ventura,2021-03-07,1650,261830,601,134622,948,126942,101,266,1234,105839,416,78014,1335,183853,California
Ventura,2021-03-08,6728,268558,3413,138035,3163,130105,152,418,4630,108530,2094,80108,4785,188638,California
Ventura,2021-03-09,6498,275056,2802,140837,3500,133605,196,614,3645,109531,2842,82950,3843,192481,California
Ventura,2021-03-10,6760,281816,2964,143801,3559,137164,237,851,4471,111958,2281,85231,4708,197189,California
Ventura,2021-03-11,6251,288067,2878,146679,3160,140324,213,1064,3409,112748,2832,88063,3622,200811,California
Ventura,2021-03-12,8466,296533,3023,149702,4606,144930,837,1901,4079,113293,4372,92435,4917,205728,California
Ventura,2021-03-13,6667,303200,2491,152193,3336,148266,840,2741,3746,114963,2915,95350,4585,210313,California
Ventura,2021-03-14,2126,305326,474,152667,1158,149424,494,3235,727,114788,1398,96748,1223,211536,California
Ventura,2021-03-15,6893,312219,2043,154710,3504,152928,1346,4581,2964,115190,3908,100656,4310,215846,California
Ventura,2021-03-16,7843,320062,2438,157148,4295,157223,1110,5691,3946,116360,3884,104540,5054,220900,California
Ventura,2021-03-17,7343,327405,2742,159890,4256,161479,345,6036,4397,118172,2931,107471,4743,225643,California
Ventura,2021-03-18,7157,334562,3251,163141,3753,165232,153,6189,4655,120488,2490,109961,4806,230449,California
Ventura,2021-03-19,8266,342828,3747,166888,4409,169641,110,6299,4922,122190,3328,113289,5030,235479,California
Ventura,2021-03-20,8098,350926,5222,172110,2856,172497,20,6319,3868,121868,4211,117500,3889,239368,California
Ventura,2021-03-21,2755,353681,1501,173611,885,173382,369,6688,1304,122097,1444,118944,1673,241041,California
Ventura,2021-03-22,7271,360952,3665,177276,3504,176886,102,6790,4795,124532,2463,121407,4898,245939,California
Ventura,2021-03-23,8096,369048,3862,181138,4164,181050,70,6860,4627,125780,3448,124855,4696,250635,California
Ventura,2021-03-24,8774,377822,3388,184526,5311,186361,75,6935,4365,125840,4380,129235,4440,255075,California
Ventura,2021-03-25,8728,386550,3888,188414,4743,191104,97,7032,4415,126055,4297,133532,4512,259587,California
Ventura,2021-03-26,9632,396182,3320,191734,5661,196765,651,7683,3749,124596,5858,139390,4399,263986,California
Ventura,2021-03-27,8078,404260,3894,195628,4145,200910,39,7722,2380,121336,5681,145071,2421,266407,California
Ventura,2021-03-28,2504,406764,1391,197019,1104,202014,9,7731,1371,121584,1132,146203,1380,267787,California
Ventura,2021-03-29,8424,415188,4253,201272,4127,206141,44,7775,4211,121652,4187,150390,4255,272042,California
Ventura,2021-03-30,8852,424040,4377,205649,4352,210493,123,7898,4571,122074,4271,154661,4693,276735,California
Ventura,2021-03-31,10567,434607,4800,210449,5143,215636,624,8522,4594,121336,5956,160617,5218,281953,California
Ventura,2021-04-01,10551,445158,5162,215611,4527,220163,862,9384,5355,122369,5179,165796,6212,288165,California
Ventura,2021-04-02,11295,456453,4568,220179,5485,225648,1242,10626,5308,122960,5964,171760,6555,294720,California
Ventura,2021-04-03,7987,464440,3934,224113,2928,228576,1125,11751,3352,122812,4626,176386,4478,299198,California
Ventura,2021-04-04,1699,466139,952,225065,620,229196,127,11878,1146,123538,547,176933,1273,300471,California
Ventura,2021-04-05,9161,475300,4850,229915,3280,232476,1031,12909,4669,124752,4484,181417,5698,306169,California
Ventura,2021-04-06,10769,486069,5535,235450,3783,236259,1451,14360,5540,126530,5211,186628,6989,313158,California
Ventura,2021-04-07,11193,497262,5424,240874,4323,240582,1446,15806,5116,127026,6061,192689,6557,319715,California
Ventura,2021-04-08,10120,507382,5287,246161,3963,244545,870,16676,5091,127966,5013,197702,5953,325668,California
Ventura,2021-04-09,10200,517582,3831,249992,4950,249495,1419,18095,4376,127952,5804,203506,5790,331458,California
Ventura,2021-04-10,9066,526648,3454,253446,3471,252966,2141,20236,2979,126997,6072,209578,5117,336575,California
Ventura,2021-04-11,2411,529059,861,254307,993,253959,557,20793,688,126525,1716,211294,1244,337819,California
Ventura,2021-04-12,8236,537295,4016,258323,3533,257492,687,21480,3344,125673,4878,216172,4026,341845,California
Ventura,2021-04-13,8555,545850,4347,262670,4203,261695,5,21485,3628,124419,4887,221059,3633,345478,California
Ventura,2021-04-14,7900,553750,3616,266286,4270,265965,14,21499,3011,122587,4859,225918,3027,348505,California
Ventura,2021-04-15,8079,561829,4046,270332,4031,269996,2,21501,3511,121551,4551,230469,3515,352020,California
Ventura,2021-04-16,6325,568154,3240,273572,3085,273081,0,21501,3044,121324,3275,233744,3048,355068,California
Yolo,2020-12-15,39,39,39,39,0,0,0,0,39,39,0,0,39,39,California
Yolo,2020-12-16,78,117,78,117,0,0,0,0,78,117,0,0,78,117,California
Yolo,2020-12-17,101,218,101,218,0,0,0,0,101,218,0,0,101,218,California
Yolo,2020-12-18,210,428,210,428,0,0,0,0,210,428,0,0,210,428,California
Yolo,2020-12-19,86,514,86,514,0,0,0,0,86,514,0,0,86,514,California
Yolo,2020-12-20,100,614,100,614,0,0,0,0,100,614,0,0,100,614,California
Yolo,2020-12-21,253,867,253,867,0,0,0,0,253,867,0,0,253,867,California
Yolo,2020-12-22,382,1249,381,1248,1,1,0,0,382,1249,0,0,382,1249,California
Yolo,2020-12-23,431,1680,412,1660,19,20,0,0,431,1680,0,0,431,1680,California
Yolo,2020-12-24,151,1831,94,1754,57,77,0,0,151,1831,0,0,151,1831,California
Yolo,2020-12-25,1,1832,1,1755,0,77,0,0,1,1832,0,0,1,1832,California
Yolo,2020-12-26,75,1907,25,1780,50,127,0,0,75,1907,0,0,75,1907,California
Yolo,2020-12-27,46,1953,19,1799,27,154,0,0,46,1953,0,0,46,1953,California
Yolo,2020-12-28,345,2298,178,1977,167,321,0,0,345,2298,0,0,345,2298,California
Yolo,2020-12-29,485,2783,268,2245,217,538,0,0,485,2783,0,0,485,2783,California
Yolo,2020-12-30,621,3404,255,2500,366,904,0,0,621,3404,0,0,621,3404,California
Yolo,2020-12-31,184,3588,95,2595,89,993,0,0,184,3588,0,0,184,3588,California
Yolo,2021-01-01,56,3644,55,2650,1,994,0,0,56,3644,0,0,56,3644,California
Yolo,2021-01-02,68,3712,25,2675,43,1037,0,0,68,3712,0,0,68,3712,California
Yolo,2021-01-03,43,3755,19,2694,24,1061,0,0,43,3755,0,0,43,3755,California
Yolo,2021-01-04,193,3948,43,2737,150,1211,0,0,193,3948,0,0,193,3948,California
Yolo,2021-01-05,610,4558,236,2973,374,1585,0,0,549,4436,61,61,549,4497,California
Yolo,2021-01-06,480,5038,183,3156,297,1882,0,0,349,4654,131,192,349,4846,California
Yolo,2021-01-07,710,5748,234,3390,476,2358,0,0,521,4987,188,380,521,5367,California
Yolo,2021-01-08,629,6377,310,3700,319,2677,0,0,413,5185,215,595,413,5780,California
Yolo,2021-01-09,409,6786,67,3767,342,3019,0,0,364,5504,45,640,364,6144,California
Yolo,2021-01-10,393,7179,80,3847,313,3332,0,0,323,5757,70,710,323,6467,California
Yolo,2021-01-11,557,7736,322,4169,235,3567,0,0,290,5780,267,977,290,6757,California
Yolo,2021-01-12,481,8217,364,4533,117,3684,0,0,173,5646,308,1285,174,6931,California
Yolo,2021-01-13,762,8979,309,4842,453,4137,0,0,513,5910,249,1534,513,7444,California
Yolo,2021-01-14,374,9353,181,5023,193,4330,0,0,270,6076,104,1638,270,7714,California
Yolo,2021-01-15,622,9975,321,5344,301,4631,0,0,544,6542,78,1716,544,8258,California
Yolo,2021-01-16,738,10713,95,5439,643,5274,0,0,707,7218,31,1747,707,8965,California
Yolo,2021-01-17,187,10900,118,5557,69,5343,0,0,180,7391,7,1754,180,9145,California
Yolo,2021-01-18,478,11378,303,5860,175,5518,0,0,380,7673,98,1852,380,9525,California
Yolo,2021-01-19,540,11918,370,6230,170,5688,0,0,366,7865,174,2026,366,9891,California
Yolo,2021-01-20,658,12576,380,6610,278,5966,0,0,474,8156,183,2209,474,10365,California
Yolo,2021-01-21,645,13221,382,6992,263,6229,0,0,456,8423,189,2398,456,10821,California
Yolo,2021-01-22,746,13967,250,7242,496,6725,0,0,628,8935,116,2514,628,11449,California
Yolo,2021-01-23,613,14580,124,7366,489,7214,0,0,566,9454,47,2561,566,12015,California
Yolo,2021-01-24,207,14787,124,7490,83,7297,0,0,166,9579,41,2602,166,12181,California
Yolo,2021-01-25,727,15514,152,7642,575,7872,0,0,513,9878,214,2816,513,12694,California
Yolo,2021-01-26,812,16326,325,7967,487,8359,0,0,425,9916,387,3203,425,13119,California
Yolo,2021-01-27,553,16879,222,8189,331,8690,0,0,381,10125,172,3375,381,13500,California
Yolo,2021-01-28,1047,17926,565,8754,482,9172,0,0,924,10927,122,3497,924,14424,California
Yolo,2021-01-29,864,18790,261,9015,603,9775,0,0,782,11628,81,3578,782,15206,California
Yolo,2021-01-30,1516,20306,916,9931,600,10375,0,0,1408,12934,102,3680,1408,16614,California
Yolo,2021-01-31,248,20554,210,10141,38,10413,0,0,213,13113,34,3714,213,16827,California
Yolo,2021-02-01,840,21394,359,10500,481,10894,0,0,611,13498,226,3940,611,17438,California
Yolo,2021-02-02,1318,22712,745,11245,573,11467,0,0,928,14037,390,4330,929,18367,California
Yolo,2021-02-03,1511,24223,396,11641,1115,12582,0,0,1183,14895,325,4655,1183,19550,California
Yolo,2021-02-04,1786,26009,281,11922,1505,14087,0,0,1237,15595,538,5193,1238,20788,California
Yolo,2021-02-05,1589,27598,896,12818,693,14780,0,0,1191,16389,398,5591,1192,21980,California
Yolo,2021-02-06,1918,29516,1246,14064,672,15452,0,0,1557,17586,361,5952,1558,23538,California
Yolo,2021-02-07,517,30033,248,14312,269,15721,0,0,169,17408,347,6299,169,23707,California
Yolo,2021-02-08,944,30977,331,14643,613,16334,0,0,603,17673,338,6637,603,24310,California
Yolo,2021-02-09,854,31831,383,15026,471,16805,0,0,574,17967,280,6917,574,24884,California
Yolo,2021-02-10,1451,33282,475,15501,976,17781,0,0,817,18153,633,7550,819,25703,California
Yolo,2021-02-11,1538,34820,774,16275,764,18545,0,0,1161,18937,377,7927,1161,26864,California
Yolo,2021-02-12,1901,36721,746,17021,1155,19700,0,0,1438,19915,460,8387,1438,28302,California
Yolo,2021-02-13,2049,38770,710,17731,1339,21039,0,0,1386,20638,663,9050,1386,29688,California
Yolo,2021-02-14,567,39337,152,17883,415,21454,0,0,442,20956,124,9174,442,30130,California
Yolo,2021-02-15,525,39862,187,18070,338,21792,0,0,263,20958,262,9436,264,30394,California
Yolo,2021-02-16,1113,40975,424,18494,689,22481,0,0,807,21459,306,9742,807,31201,California
Yolo,2021-02-17,1382,42357,699,19193,683,23164,0,0,990,22057,392,10134,990,32191,California
Yolo,2021-02-18,2439,44796,758,19951,1681,24845,0,0,1677,22972,762,10896,1677,33868,California
Yolo,2021-02-19,1731,46527,740,20691,991,25836,0,0,1117,23477,612,11508,1117,34985,California
Yolo,2021-02-20,2432,48959,941,21632,1491,27327,0,0,1361,23772,1066,12574,1361,36346,California
Yolo,2021-02-21,280,49239,224,21856,56,27383,0,0,73,23639,206,12780,73,36419,California
Yolo,2021-02-22,1360,50599,599,22455,761,28144,0,0,692,23664,667,13447,692,37111,California
Yolo,2021-02-23,1117,51716,838,23293,279,28423,0,0,437,23423,678,14125,437,37548,California
Yolo,2021-02-24,2091,53807,591,23884,1500,29923,0,0,1383,24100,706,14831,1383,38931,California
Yolo,2021-02-25,1336,55143,440,24324,896,30819,0,0,872,24509,463,15294,872,39803,California
Yolo,2021-02-26,2556,57699,978,25302,1578,32397,0,0,1361,24678,1192,16486,1361,41164,California
Yolo,2021-02-27,1645,59344,764,26066,881,33278,0,0,1196,25425,449,16935,1196,42360,California
Yolo,2021-02-28,1772,61116,1488,27554,284,33562,0,0,681,25017,1089,18024,681,43041,California
Yolo,2021-03-01,1080,62196,353,27907,727,34289,0,0,653,25245,425,18449,653,43694,California
Yolo,2021-03-02,1429,63625,677,28584,752,35041,0,0,908,25632,521,18970,908,44602,California
Yolo,2021-03-03,1808,65433,607,29191,1201,36242,0,0,805,25436,1001,19971,805,45407,California
Yolo,2021-03-04,2842,68275,1403,30594,1439,37681,0,0,1538,25672,1302,21273,1538,46945,California
Yolo,2021-03-05,2333,70608,1390,31984,932,38613,11,11,1466,26283,866,22139,1477,48422,California
Yolo,2021-03-06,1467,72075,1121,33105,317,38930,29,40,836,26519,629,22768,865,49287,California
Yolo,2021-03-07,902,72977,670,33775,218,39148,14,54,769,27169,133,22901,783,50070,California
Yolo,2021-03-08,1071,74048,478,34253,550,39698,43,97,746,27634,325,23226,790,50860,California
Yolo,2021-03-09,1240,75288,667,34920,513,40211,60,157,753,27962,485,23711,813,51673,California
Yolo,2021-03-10,1777,77065,1037,35957,450,40661,290,447,740,27951,1036,24747,1025,52698,California
Yolo,2021-03-11,2278,79343,1539,37496,673,41334,66,513,1571,28883,706,25453,1638,54336,California
Yolo,2021-03-12,2885,82228,1341,38837,1468,42802,76,589,1372,28823,1507,26960,1447,55783,California
Yolo,2021-03-13,1838,84066,729,39566,932,43734,177,766,1007,29179,828,27788,1184,56967,California
Yolo,2021-03-14,1007,85073,213,39779,645,44379,149,915,523,29368,483,28271,672,57639,California
Yolo,2021-03-15,1315,86388,771,40550,368,44747,176,1091,700,29630,613,28884,875,58514,California
Yolo,2021-03-16,1859,88247,714,41264,1072,45819,73,1164,1097,30038,762,29646,1170,59684,California
Yolo,2021-03-17,2479,90726,962,42226,1445,47264,72,1236,1731,31096,745,30391,1803,61487,California
Yolo,2021-03-18,2878,93604,887,43113,1767,49031,224,1460,1168,30779,1708,32099,1391,62878,California
Yolo,2021-03-19,2030,95634,818,43931,1144,50175,68,1528,1069,30961,955,33054,1137,64015,California
Yolo,2021-03-20,2748,98382,814,44745,1893,52068,41,1569,1117,30496,1625,34679,1160,65175,California
Yolo,2021-03-21,316,98698,217,44962,91,52159,8,1577,228,30645,87,34766,236,65411,California
Yolo,2021-03-22,1377,100075,480,45442,845,53004,52,1629,904,31129,471,35237,955,66366,California
Yolo,2021-03-23,1724,101799,928,46370,740,53744,56,1685,1065,31592,658,35895,1121,67487,California
Yolo,2021-03-24,2834,104633,1399,47769,1386,55130,49,1734,1418,31653,1406,37301,1467,68954,California
Yolo,2021-03-25,2395,107028,1277,49046,1091,56221,27,1761,1150,31595,1235,38536,1177,70131,California
Yolo,2021-03-26,2365,109393,1229,50275,1117,57338,19,1780,1016,31287,1342,39878,1034,71165,California
Yolo,2021-03-27,1626,111019,452,50727,1158,58496,16,1796,752,31182,873,40751,768,71933,California
Yolo,2021-03-28,1103,112122,860,51587,225,58721,18,1814,272,30645,827,41578,290,72223,California
Yolo,2021-03-29,1981,114103,812,52399,1155,59876,14,1828,983,30648,994,42572,997,73220,California
Yolo,2021-03-30,2266,116369,1065,53464,1178,61054,23,1851,1198,30806,1063,43635,1221,74441,California
Yolo,2021-03-31,2324,118693,1204,54668,1085,62139,35,1886,1208,30934,1115,44750,1243,75684,California
Yolo,2021-04-01,3750,122443,1765,56433,1511,63650,474,2360,1573,30808,2173,46923,2047,77731,California
Yolo,2021-04-02,3106,125549,1481,57914,1565,65215,60,2420,2034,31836,1066,47989,2094,79825,California
Yolo,2021-04-03,1783,127332,1078,58992,490,65705,215,2635,800,31869,982,48971,1015,80840,California
Yolo,2021-04-04,381,127713,149,59141,170,65875,62,2697,141,31832,240,49211,203,81043,California
Yolo,2021-04-05,1893,129606,721,59862,1074,66949,98,2795,1011,32063,878,50089,1109,82152,California
Yolo,2021-04-06,2555,132161,1294,61156,1091,68040,170,2965,1310,32310,1234,51323,1481,83633,California
Yolo,2021-04-07,2858,135019,1508,62664,1102,69142,248,3213,1923,33551,929,52252,2170,85803,California
Yolo,2021-04-08,2392,137411,992,63656,939,70081,461,3674,1022,33666,1366,53618,1481,87284,California
Yolo,2021-04-09,2369,139780,854,64510,1034,71115,481,4155,788,33355,1579,55197,1268,88552,California
Yolo,2021-04-10,1672,141452,784,65294,718,71833,170,4325,994,33844,674,55871,1163,89715,California
Yolo,2021-04-11,867,142319,261,65555,561,72394,45,4370,344,33713,519,56390,388,90103,California
Yolo,2021-04-12,1717,144036,508,66063,1074,73468,135,4505,1073,34280,641,57031,1208,91311,California
Yolo,2021-04-13,1888,145924,845,66908,1043,74511,0,4505,973,34340,913,57944,973,92284,California
Yolo,2021-04-14,2589,148513,687,67595,1902,76413,0,4505,1312,34378,1274,59218,1312,93596,California
Yolo,2021-04-15,2921,151434,946,68541,1975,78388,0,4505,2041,35545,877,60095,2044,95640,California
Yolo,2021-04-16,2146,153580,1370,69911,776,79164,0,4505,1524,36448,621,60716,1524,97164,California
Yuba,2020-12-16,4,4,4,4,0,0,0,0,4,4,0,0,4,4,California
Yuba,2020-12-17,4,8,4,8,0,0,0,0,4,8,0,0,4,8,California
Yuba,2020-12-18,8,16,8,16,0,0,0,0,8,16,0,0,8,16,California
Yuba,2020-12-19,12,28,12,28,0,0,0,0,12,28,0,0,12,28,California
Yuba,2020-12-20,20,48,20,48,0,0,0,0,20,48,0,0,20,48,California
Yuba,2020-12-21,40,88,40,88,0,0,0,0,40,88,0,0,40,88,California
Yuba,2020-12-22,86,174,86,174,0,0,0,0,86,174,0,0,86,174,California
Yuba,2020-12-23,63,237,61,235,2,2,0,0,63,237,0,0,63,237,California
Yuba,2020-12-24,20,257,10,245,10,12,0,0,20,257,0,0,20,257,California
Yuba,2020-12-26,15,272,13,258,2,14,0,0,15,272,0,0,15,272,California
Yuba,2020-12-27,15,287,15,273,0,14,0,0,15,287,0,0,15,287,California
Yuba,2020-12-28,51,338,35,308,16,30,0,0,51,338,0,0,51,338,California
Yuba,2020-12-29,75,413,10,318,65,95,0,0,75,413,0,0,75,413,California
Yuba,2020-12-30,64,477,21,339,43,138,0,0,64,477,0,0,64,477,California
Yuba,2020-12-31,36,513,6,345,30,168,0,0,36,513,0,0,36,513,California
Yuba,2021-01-02,23,536,22,367,1,169,0,0,23,536,0,0,23,536,California
Yuba,2021-01-03,10,546,6,373,4,173,0,0,10,546,0,0,10,546,California
Yuba,2021-01-04,90,636,21,394,69,242,0,0,90,636,0,0,90,636,California
Yuba,2021-01-05,68,704,36,430,32,274,0,0,67,702,1,1,67,703,California
Yuba,2021-01-06,153,857,76,506,77,351,0,0,147,843,6,7,147,850,California
Yuba,2021-01-07,75,932,19,525,56,407,0,0,72,911,4,11,72,922,California
Yuba,2021-01-08,73,1005,25,550,48,455,0,0,66,970,7,18,66,988,California
Yuba,2021-01-09,19,1024,16,566,3,458,0,0,11,973,8,26,11,999,California
Yuba,2021-01-10,117,1141,22,588,95,553,0,0,95,1046,22,48,95,1094,California
Yuba,2021-01-11,73,1214,50,638,23,576,0,0,33,1039,40,88,33,1127,California
Yuba,2021-01-12,108,1322,78,716,30,606,0,0,43,1017,65,153,43,1170,California
Yuba,2021-01-13,118,1440,71,787,47,653,0,0,54,1008,63,216,54,1224,California
Yuba,2021-01-14,109,1549,43,830,66,719,0,0,97,1093,12,228,97,1321,California
Yuba,2021-01-15,206,1755,88,918,118,837,0,0,195,1277,11,239,195,1516,California
Yuba,2021-01-16,185,1940,21,939,164,1001,0,0,173,1437,13,252,173,1689,California
Yuba,2021-01-17,13,1953,9,948,4,1005,0,0,7,1438,6,258,7,1696,California
Yuba,2021-01-18,60,2013,32,980,28,1033,0,0,35,1448,25,283,35,1731,California
Yuba,2021-01-19,80,2093,29,1009,51,1084,0,0,65,1498,15,298,65,1796,California
Yuba,2021-01-20,132,2225,87,1096,45,1129,0,0,109,1584,23,321,109,1905,California
Yuba,2021-01-21,212,2437,96,1192,116,1245,0,0,203,1778,9,330,203,2108,California
Yuba,2021-01-22,103,2540,6,1198,97,1342,0,0,94,1863,9,339,94,2202,California
Yuba,2021-01-23,200,2740,7,1205,193,1535,0,0,197,2057,3,342,197,2399,California
Yuba,2021-01-24,10,2750,7,1212,3,1538,0,0,8,2063,2,344,8,2407,California
Yuba,2021-01-25,83,2833,27,1239,56,1594,0,0,52,2085,30,374,52,2459,California
Yuba,2021-01-26,148,2981,39,1278,109,1703,0,0,92,2121,56,430,92,2551,California
Yuba,2021-01-27,182,3163,128,1406,54,1757,0,0,115,2169,67,497,115,2666,California
Yuba,2021-01-28,215,3378,79,1485,136,1893,0,0,174,2302,41,538,174,2840,California
Yuba,2021-01-29,159,3537,56,1541,103,1996,0,0,112,2367,47,585,112,2952,California
Yuba,2021-01-30,409,3946,23,1564,386,2382,0,0,398,2754,11,596,398,3350,California
Yuba,2021-01-31,17,3963,12,1576,5,2387,0,0,15,2767,2,598,15,3365,California
Yuba,2021-02-01,153,4116,74,1650,79,2466,0,0,130,2876,22,620,131,3496,California
Yuba,2021-02-02,123,4239,23,1673,100,2566,0,0,101,2955,22,642,101,3597,California
Yuba,2021-02-03,225,4464,29,1702,196,2762,0,0,113,2957,111,753,113,3710,California
Yuba,2021-02-04,296,4760,121,1823,175,2937,0,0,253,3167,43,796,253,3963,California
Yuba,2021-02-05,146,4906,32,1855,114,3051,0,0,70,3161,76,872,70,4033,California
Yuba,2021-02-06,448,5354,26,1881,422,3473,0,0,440,3593,8,880,440,4473,California
Yuba,2021-02-07,18,5372,11,1892,7,3480,0,0,15,3605,3,883,15,4488,California
Yuba,2021-02-08,96,5468,35,1927,61,3541,0,0,66,3641,30,913,66,4554,California
Yuba,2021-02-09,153,5621,55,1982,98,3639,0,0,84,3656,69,982,84,4638,California
Yuba,2021-02-10,347,5968,172,2154,175,3814,0,0,113,3536,233,1215,113,4751,California
Yuba,2021-02-11,397,6365,63,2217,334,4148,0,0,301,3743,94,1309,301,5052,California
Yuba,2021-02-12,264,6629,27,2244,237,4385,0,0,151,3781,113,1422,151,5203,California
Yuba,2021-02-13,435,7064,35,2279,400,4785,0,0,387,4120,48,1470,387,5590,California
Yuba,2021-02-14,54,7118,11,2290,43,4828,0,0,49,4164,5,1475,49,5639,California
Yuba,2021-02-15,87,7205,36,2326,51,4879,0,0,68,4213,19,1494,68,5707,California
Yuba,2021-02-16,198,7403,53,2379,145,5024,0,0,140,4296,57,1551,140,5847,California
Yuba,2021-02-17,369,7772,155,2534,214,5238,0,0,98,4123,271,1822,98,5945,California
Yuba,2021-02-18,305,8077,33,2567,272,5510,0,0,181,4180,124,1946,181,6126,California
Yuba,2021-02-19,224,8301,84,2651,140,5650,0,0,141,4238,83,2029,141,6267,California
Yuba,2021-02-20,388,8689,30,2681,358,6008,0,0,334,4518,54,2083,334,6601,California
Yuba,2021-02-21,16,8705,14,2695,2,6010,0,0,6,4514,10,2093,6,6607,California
Yuba,2021-02-22,127,8832,78,2773,49,6059,0,0,37,4462,89,2182,37,6644,California
Yuba,2021-02-23,113,8945,25,2798,88,6147,0,0,46,4442,66,2248,46,6690,California
Yuba,2021-02-24,479,9424,136,2934,343,6490,0,0,106,4175,373,2621,106,6796,California
Yuba,2021-02-25,332,9756,133,3067,199,6689,0,0,204,4251,128,2749,204,7000,California
Yuba,2021-02-26,256,10012,68,3135,188,6877,0,0,143,4283,111,2860,143,7143,California
Yuba,2021-02-27,473,10485,47,3182,426,7303,0,0,384,4580,87,2947,384,7527,California
Yuba,2021-02-28,65,10550,21,3203,44,7347,0,0,44,4603,21,2968,44,7571,California
Yuba,2021-03-01,151,10701,38,3241,113,7460,0,0,75,4603,75,3043,75,7646,California
Yuba,2021-03-02,153,10854,35,3276,118,7578,0,0,76,4602,77,3120,76,7722,California
Yuba,2021-03-03,617,11471,156,3432,461,8039,0,0,197,4380,419,3539,197,7919,California
Yuba,2021-03-04,465,11936,271,3703,194,8233,0,0,323,4562,141,3680,323,8242,California
Yuba,2021-03-05,315,12251,59,3762,255,8488,1,1,248,4744,67,3747,249,8491,California
Yuba,2021-03-06,475,12726,35,3797,436,8924,4,5,369,5011,106,3853,373,8864,California
Yuba,2021-03-07,49,12775,27,3824,21,8945,1,6,33,5029,16,3869,34,8898,California
Yuba,2021-03-08,159,12934,49,3873,94,9039,16,22,100,5086,59,3928,116,9014,California
Yuba,2021-03-09,175,13109,46,3919,110,9149,19,41,83,5096,92,4020,102,9116,California
Yuba,2021-03-10,734,13843,232,4151,472,9621,30,71,229,4851,504,4524,259,9375,California
Yuba,2021-03-11,426,14269,185,4336,229,9850,12,83,293,5023,133,4657,305,9680,California
Yuba,2021-03-12,460,14729,86,4422,320,10170,54,137,148,4913,312,4969,202,9882,California
Yuba,2021-03-13,451,15180,331,4753,105,10275,15,152,357,5192,93,5062,372,10254,California
Yuba,2021-03-14,107,15287,21,4774,76,10351,10,162,46,5188,60,5122,56,10310,California
Yuba,2021-03-15,193,15480,49,4823,127,10478,17,179,99,5210,94,5216,116,10426,California
Yuba,2021-03-16,290,15770,71,4894,194,10672,25,204,177,5300,112,5328,202,10628,California
Yuba,2021-03-17,727,16497,160,5054,538,11210,29,233,187,4978,538,5866,216,10844,California
Yuba,2021-03-18,562,17059,148,5202,301,11511,113,346,339,5207,223,6089,452,11296,California
Yuba,2021-03-19,324,17383,120,5322,155,11666,49,395,185,5303,138,6227,234,11530,California
Yuba,2021-03-20,554,17937,80,5402,456,12122,18,413,473,5714,80,6307,491,12021,California
Yuba,2021-03-21,58,17995,35,5437,23,12145,0,413,46,5748,12,6319,46,12067,California
Yuba,2021-03-22,189,18184,70,5507,112,12257,7,420,147,5860,42,6361,154,12221,California
Yuba,2021-03-23,240,18424,79,5586,134,12391,27,447,161,5970,78,6439,188,12409,California
Yuba,2021-03-24,745,19169,237,5823,427,12818,81,528,182,5672,561,7000,263,12672,California
Yuba,2021-03-25,483,19652,263,6086,198,13016,22,550,239,5689,244,7244,261,12933,California
Yuba,2021-03-26,383,20035,142,6228,214,13230,27,577,219,5772,163,7407,246,13179,California
Yuba,2021-03-27,459,20494,27,6255,429,13659,3,580,406,6127,53,7460,408,13587,California
Yuba,2021-03-28,98,20592,40,6295,54,13713,4,584,37,6107,61,7521,41,13628,California
Yuba,2021-03-29,293,20885,85,6380,177,13890,31,615,181,6207,112,7633,212,13840,California
Yuba,2021-03-30,270,21155,67,6447,195,14085,8,623,191,6327,79,7712,199,14039,California
Yuba,2021-03-31,670,21825,113,6560,545,14630,12,635,245,6160,424,8136,257,14296,California
Yuba,2021-04-01,608,22433,281,6841,298,14928,29,664,278,6137,330,8466,307,14603,California
Yuba,2021-04-02,474,22907,89,6930,305,15233,80,744,177,6098,296,8762,257,14860,California
Yuba,2021-04-03,652,23559,56,6986,115,15348,481,1225,87,6102,564,9326,568,15428,California
Yuba,2021-04-04,57,23616,11,6997,40,15388,6,1231,32,6115,25,9351,38,15466,California
Yuba,2021-04-05,241,23857,79,7076,143,15531,19,1250,121,6136,118,9469,139,15605,California
Yuba,2021-04-06,334,24191,114,7190,160,15691,60,1310,159,6181,174,9643,219,15824,California
Yuba,2021-04-07,762,24953,398,7588,313,16004,51,1361,342,6156,417,10060,392,16216,California
Yuba,2021-04-08,726,25679,297,7885,165,16169,264,1625,259,6213,466,10526,523,16739,California
Yuba,2021-04-09,374,26053,168,8053,148,16317,58,1683,158,6214,215,10741,216,16955,California
Yuba,2021-04-10,590,26643,69,8122,74,16391,447,2130,69,6211,519,11260,516,17471,California
Yuba,2021-04-11,98,26741,22,8144,64,16455,12,2142,39,6203,59,11319,51,17522,California
Yuba,2021-04-12,199,26940,46,8190,126,16581,27,2169,79,6190,119,11438,106,17628,California
Yuba,2021-04-13,368,27308,100,8290,268,16849,0,2169,194,6211,173,11611,194,17822,California
Yuba,2021-04-14,646,27954,96,8386,550,17399,0,2169,95,5757,549,12160,95,17917,California
Yuba,2021-04-15,266,28220,119,8505,147,17546,0,2169,112,5715,154,12314,112,18029,California
Yuba,2021-04-16,186,28406,48,8553,138,17684,0,2169,104,5739,80,12394,104,18133,California
